% **INPUTS** file: d2103, alpha: 0.5, beta: 1, rho: 0.01; median best over 1 trials.
% The best from file is: 80450
\begin{filecontents*}{data0.txt}
	0  297007
	1  297007
	2  297007
	3  297007
	4  297007
	5  297007
	6  297007
	7  297007
	8  297007
	9  297007
	10  297007
	11  297007
	12  297007
	13  297007
	14  297007
	15  297007
	16  297007
	17  297007
	18  297007
	19  297007
	20  297007
	21  297007
	22  297007
	23  297007
	24  297007
	25  297007
	26  297007
	27  297007
	28  297007
	29  297007
	30  297007
	31  297007
	32  297007
	33  297007
	34  297007
	35  297007
	36  297007
	37  297007
	38  297007
	39  297007
	40  297007
	41  297007
	42  297007
	43  297007
	44  297007
	45  297007
	46  297007
	47  297007
	48  297007
	49  297007
	50  297007
	51  297007
	52  297007
	53  297007
	54  297007
	55  297007
	56  297007
	57  297007
	58  297007
	59  297007
	60  297007
	61  297007
	62  297007
	63  297007
	64  297007
	65  297007
	66  297007
	67  297007
	68  297007
	69  297007
	70  297007
	71  297007
	72  297007
	73  297007
	74  297007
	75  297007
	76  297007
	77  297007
	78  297007
	79  297007
	80  297007
	81  297007
	82  297007
	83  297007
	84  297007
	85  297007
	86  297007
	87  297007
	88  297007
	89  297007
	90  297007
	91  297007
	92  297007
	93  297007
	94  297007
	95  297007
	96  297007
	97  297007
	98  297007
	99  297007
	100  297007
	101  297007
	102  297007
	103  297007
	104  297007
	105  297007
	106  297007
	107  297007
	108  297007
	109  297007
	110  297007
	111  297007
	112  297007
	113  297007
	114  297007
	115  297007
	116  297007
	117  297007
	118  297007
	119  297007
	120  297007
	121  297007
	122  297007
	123  297007
	124  297007
	125  297007
	126  297007
	127  297007
	128  297007
	129  297007
	130  297007
	131  297007
	132  297007
	133  297007
	134  297007
	135  297007
	136  297007
	137  297007
	138  297007
	139  297007
	140  297007
	141  297007
	142  297007
	143  297007
	144  297007
	145  297007
	146  297007
	147  297007
	148  297007
	149  297007
	150  297007
	151  297007
	152  297007
	153  297007
	154  297007
	155  297007
	156  297007
	157  297007
	158  297007
	159  297007
	160  297007
	161  297007
	162  297007
	163  297007
	164  297007
	165  297007
	166  297007
	167  297007
	168  297007
	169  297007
	170  297007
	171  297007
	172  297007
	173  297007
	174  297007
	175  297007
	176  297007
	177  297007
	178  297007
	179  297007
	180  297007
	181  297007
	182  297007
	183  297007
	184  297007
	185  297007
	186  297007
	187  297007
	188  297007
	189  297007
	190  297007
	191  297007
	192  297007
	193  297007
	194  297007
	195  297007
	196  297007
	197  297007
	198  297007
	199  297007
	200  297007
	201  297007
	202  297007
	203  297007
	204  297007
	205  297007
	206  297007
	207  297007
	208  297007
	209  297007
	210  297007
	211  297007
	212  297007
	213  297007
	214  297007
	215  297007
	216  297007
	217  297007
	218  297007
	219  297007
	220  297007
	221  297007
	222  297007
	223  297007
	224  297007
	225  297007
	226  297007
	227  297007
	228  297007
	229  297007
	230  297007
	231  297007
	232  297007
	233  297007
	234  297007
	235  297007
	236  297007
	237  297007
	238  297007
	239  297007
	240  297007
	241  297007
	242  297007
	243  297007
	244  297007
	245  297007
	246  297007
	247  297007
	248  297007
	249  297007
	250  297007
	251  297007
	252  297007
	253  297007
	254  297007
	255  297007
	256  297007
	257  297007
	258  297007
	259  297007
	260  297007
	261  297007
	262  297007
	263  297007
	264  297007
	265  297007
	266  297007
	267  297007
	268  297007
	269  297007
	270  297007
	271  297007
	272  297007
	273  297007
	274  297007
	275  297007
	276  297007
	277  297007
	278  297007
	279  297007
	280  297007
	281  297007
	282  297007
	283  297007
	284  297007
	285  297007
	286  297007
	287  297007
	288  297007
	289  297007
	290  297007
	291  297007
	292  297007
	293  297007
	294  297007
	295  297007
	296  297007
	297  297007
	298  297007
\end{filecontents*}



% **INPUTS** file: d2103, alpha: 0.5, beta: 1, rho: 0.1; median best over 1 trials.
% The best from file is: 80450
\begin{filecontents*}{data1.txt}
	0  301056
	1  301056
	2  301056
	3  301056
	4  301056
	5  301056
	6  301056
	7  301056
	8  301056
	9  301056
	10  301056
	11  301056
	12  301056
	13  301056
	14  301056
	15  301056
	16  301056
	17  301056
	18  301056
	19  301056
	20  301056
	21  301056
	22  301056
	23  301056
	24  301056
	25  301056
	26  301056
	27  301056
	28  301056
	29  301056
	30  301056
	31  301056
	32  301056
	33  301056
	34  301056
	35  301056
	36  301056
	37  301056
	38  301056
	39  301056
	40  301056
	41  301056
	42  301056
	43  301056
	44  301056
	45  301056
	46  301056
	47  301056
	48  301056
	49  301056
	50  301056
	51  301056
	52  301056
	53  301056
	54  301056
	55  301056
	56  301056
	57  301056
	58  301056
	59  301056
	60  301056
	61  301056
	62  301056
	63  301056
	64  301056
	65  301056
	66  301056
	67  301056
	68  301056
	69  301056
	70  301056
	71  301056
	72  301056
	73  301056
	74  301056
	75  301056
	76  301056
	77  301056
	78  301056
	79  301056
	80  301056
	81  301056
	82  301056
	83  301056
	84  301056
	85  301056
	86  301056
	87  301056
	88  301056
	89  301056
	90  301056
	91  301056
	92  301056
	93  301056
	94  301056
	95  301056
	96  301056
	97  301056
	98  301056
	99  301056
	100  301056
	101  301056
	102  301056
	103  301056
	104  301056
	105  301056
	106  301056
	107  301056
	108  301056
	109  301056
	110  301056
	111  301056
	112  301056
	113  301056
	114  301056
	115  301056
	116  301056
	117  301056
	118  301056
	119  301056
	120  301056
	121  301056
	122  301056
	123  301056
	124  301056
	125  301056
	126  301056
	127  301056
	128  301056
	129  301056
	130  301056
	131  301056
	132  301056
	133  301056
	134  301056
	135  301056
	136  301056
	137  301056
	138  301056
	139  301056
	140  301056
	141  301056
	142  301056
	143  301056
	144  301056
	145  301056
	146  301056
	147  301056
	148  301056
	149  301056
	150  301056
	151  301056
	152  301056
	153  301056
	154  301056
	155  301056
	156  301056
	157  301056
	158  301056
	159  301056
	160  301056
	161  301056
	162  301056
	163  301056
	164  301056
	165  301056
	166  301056
	167  301056
	168  301056
	169  301056
	170  301056
	171  301056
	172  301056
	173  301056
	174  301056
	175  301056
	176  301056
	177  301056
	178  301056
	179  301056
	180  301056
	181  301056
	182  301056
	183  301056
	184  301056
	185  301056
	186  301056
	187  301056
	188  301056
	189  301056
	190  301056
	191  301056
	192  301056
	193  301056
	194  301056
	195  301056
	196  301056
	197  301056
	198  301056
	199  301056
	200  301056
	201  301056
	202  301056
	203  301056
	204  301056
	205  301056
	206  301056
	207  301056
	208  301056
	209  301056
	210  301056
	211  301056
	212  301056
	213  301056
	214  301056
	215  301056
	216  301056
	217  301056
	218  301056
	219  301056
	220  301056
	221  301056
	222  301056
	223  301056
	224  301056
	225  301056
	226  301056
	227  301056
	228  301056
	229  301056
	230  301056
	231  301056
	232  301056
	233  301056
	234  301056
	235  301056
	236  301056
	237  301056
	238  301056
	239  301056
	240  301056
	241  301056
	242  301056
	243  301056
	244  301056
	245  301056
	246  301056
	247  301056
	248  301056
	249  301056
	250  301056
	251  301056
	252  301056
	253  301056
	254  301056
	255  301056
	256  301056
	257  301056
	258  301056
	259  301056
	260  301056
	261  301056
	262  301056
	263  301056
	264  301056
	265  301056
	266  301056
	267  301056
	268  301056
	269  301056
	270  301056
	271  301056
	272  301056
	273  301056
	274  301056
	275  301056
	276  301056
	277  301056
	278  301056
	279  301056
	280  301056
	281  301056
	282  301056
	283  301056
	284  301056
	285  301056
	286  301056
	287  300167
	288  297446
	289  285866
	290  280679
	291  280679
	292  278156
	293  278156
	294  278156
	295  278156
	296  278156
	297  278156
	298  278156
\end{filecontents*}



% **INPUTS** file: d2103, alpha: 0.5, beta: 1, rho: 0.25; median best over 1 trials.
% The best from file is: 80450
\begin{filecontents*}{data2.txt}
	0  284371
	1  284371
	2  284371
	3  284371
	4  284371
	5  284371
	6  284371
	7  284371
	8  284371
	9  284371
	10  284371
	11  284371
	12  284371
	13  284371
	14  284371
	15  284371
	16  284371
	17  284371
	18  284371
	19  284371
	20  284371
	21  284371
	22  284371
	23  284371
	24  284371
	25  284371
	26  284371
	27  284371
	28  284371
	29  284371
	30  284371
	31  284371
	32  284371
	33  284371
	34  284371
	35  284371
	36  284371
	37  284371
	38  284371
	39  284371
	40  284371
	41  284371
	42  284371
	43  284371
	44  284371
	45  284371
	46  284371
	47  284371
	48  284371
	49  284371
	50  284371
	51  284371
	52  284371
	53  284371
	54  284371
	55  284371
	56  284371
	57  284371
	58  284371
	59  284371
	60  284371
	61  284371
	62  284371
	63  284371
	64  284371
	65  284371
	66  284371
	67  284371
	68  284371
	69  284371
	70  284371
	71  284371
	72  284371
	73  284371
	74  284371
	75  284371
	76  284371
	77  284371
	78  284371
	79  284371
	80  284371
	81  284371
	82  284371
	83  284371
	84  284371
	85  284371
	86  284371
	87  284371
	88  284371
	89  284371
	90  284371
	91  284371
	92  284371
	93  284371
	94  284371
	95  284371
	96  284371
	97  284371
	98  284371
	99  284371
	100  284371
	101  284371
	102  284371
	103  284371
	104  284371
	105  284371
	106  284371
	107  284371
	108  284371
	109  284352
	110  280460
	111  280460
	112  278318
	113  277157
	114  277157
	115  277157
	116  276438
	117  276438
	118  275277
	119  273827
	120  269978
	121  266905
	122  263248
	123  263248
	124  262588
	125  258775
	126  256246
	127  256246
	128  256246
	129  256246
	130  255239
	131  254560
	132  254560
	133  254560
	134  254560
	135  254560
	136  254066
	137  253587
	138  253587
	139  253162
	140  253162
	141  253162
	142  253162
	143  253162
	144  252635
	145  252338
	146  248068
	147  246136
	148  245048
	149  245048
	150  245048
	151  239819
	152  239819
	153  239819
	154  239070
	155  239070
	156  238901
	157  238483
	158  238483
	159  238483
	160  238483
	161  238483
	162  238483
	163  238483
	164  238483
	165  238483
	166  238483
	167  238483
	168  238483
	169  238483
	170  238483
	171  238483
	172  238483
	173  238455
	174  238455
	175  238455
	176  238455
	177  238387
	178  238387
	179  238387
	180  238387
	181  238387
	182  238387
	183  237337
	184  237182
	185  237182
	186  236880
	187  236880
	188  236880
	189  236880
	190  236880
	191  236880
	192  236880
	193  236880
	194  236880
	195  236880
	196  236880
	197  236880
	198  236880
	199  236880
	200  236880
	201  236880
	202  236880
	203  236880
	204  236880
	205  236880
	206  236880
	207  236880
	208  236880
	209  236880
	210  236880
	211  236880
	212  236880
	213  236880
	214  236880
	215  236880
	216  236880
	217  236880
	218  236880
	219  236880
	220  236880
	221  236880
	222  236880
	223  236880
	224  236880
	225  236880
	226  236880
	227  236880
	228  236880
	229  236880
	230  236880
	231  236880
	232  236880
	233  236880
	234  236880
	235  236880
	236  236880
	237  236880
	238  236880
	239  236880
	240  236880
	241  236880
	242  236880
	243  236880
	244  236880
	245  236880
	246  236880
	247  236880
	248  236880
	249  236880
	250  236880
	251  236880
	252  236880
	253  236880
	254  236880
	255  236880
	256  236880
	257  236880
	258  236880
	259  236880
	260  236880
	261  236880
	262  236880
	263  236880
	264  236880
	265  236880
	266  236880
	267  236880
	268  236880
	269  236880
	270  236880
	271  236880
	272  236880
	273  236880
	274  236880
	275  236880
	276  236880
	277  236880
	278  236880
	279  236880
	280  236880
	281  236880
	282  236880
	283  236880
	284  236880
	285  236880
	286  236880
	287  236880
	288  236880
	289  236880
	290  236880
	291  236880
	292  236880
	293  236880
	294  236880
	295  236880
	296  236880
	297  236880
	298  236880
\end{filecontents*}



% **INPUTS** file: d2103, alpha: 0.5, beta: 1, rho: 0.5; median best over 1 trials.
% The best from file is: 80450
\begin{filecontents*}{data3.txt}
	0  300132
	1  300132
	2  300132
	3  300132
	4  300132
	5  300132
	6  300132
	7  300132
	8  300132
	9  300132
	10  300132
	11  300132
	12  300132
	13  300132
	14  300132
	15  300132
	16  300132
	17  300132
	18  300132
	19  300132
	20  300132
	21  300132
	22  300132
	23  300132
	24  300132
	25  300132
	26  300132
	27  300132
	28  300132
	29  300132
	30  300132
	31  300132
	32  300132
	33  300132
	34  300132
	35  300132
	36  300132
	37  300132
	38  300132
	39  300132
	40  300132
	41  300132
	42  300132
	43  300132
	44  300132
	45  300132
	46  300132
	47  297869
	48  296595
	49  291507
	50  287315
	51  285080
	52  282254
	53  281071
	54  280932
	55  275667
	56  275667
	57  275615
	58  275571
	59  275571
	60  275571
	61  275571
	62  275571
	63  275571
	64  275571
	65  275571
	66  275571
	67  275571
	68  275571
	69  275571
	70  275571
	71  275571
	72  275571
	73  275571
	74  275571
	75  275571
	76  275571
	77  275571
	78  275571
	79  275571
	80  275571
	81  275571
	82  275571
	83  275571
	84  275571
	85  275571
	86  275571
	87  275571
	88  275571
	89  275571
	90  275571
	91  275571
	92  275571
	93  275571
	94  275571
	95  275571
	96  275571
	97  275571
	98  275571
	99  275571
	100  275571
	101  275571
	102  275571
	103  275571
	104  275571
	105  275571
	106  275571
	107  275571
	108  275571
	109  275571
	110  275571
	111  275571
	112  275571
	113  275571
	114  275571
	115  275571
	116  275571
	117  275571
	118  275571
	119  275571
	120  275571
	121  275571
	122  275571
	123  275571
	124  275571
	125  275571
	126  275571
	127  275571
	128  275571
	129  275571
	130  275571
	131  275571
	132  275571
	133  275571
	134  275571
	135  275571
	136  275571
	137  275571
	138  275571
	139  275571
	140  275571
	141  275571
	142  275571
	143  275571
	144  275571
	145  275571
	146  275571
	147  275571
	148  275571
	149  275571
	150  275571
	151  275571
	152  275571
	153  275571
	154  275571
	155  275571
	156  275571
	157  275571
	158  275571
	159  275571
	160  275571
	161  275571
	162  275571
	163  275571
	164  275571
	165  275571
	166  275571
	167  275571
	168  275571
	169  275571
	170  275571
	171  275571
	172  275571
	173  275571
	174  275571
	175  275571
	176  275571
	177  275571
	178  275571
	179  275571
	180  275571
	181  275571
	182  275571
	183  275571
	184  275571
	185  275571
	186  275571
	187  275571
	188  275571
	189  275571
	190  275571
	191  275571
	192  275571
	193  275571
	194  275571
	195  275571
	196  275571
	197  275571
	198  275571
	199  275571
	200  275571
	201  275571
	202  275571
	203  275571
	204  275571
	205  275571
	206  275571
	207  275571
	208  275571
	209  275571
	210  275571
	211  275571
	212  275571
	213  275571
	214  275571
	215  275571
	216  275571
	217  275571
	218  275571
	219  275571
	220  275571
	221  275571
	222  275571
	223  275571
	224  275571
	225  275571
	226  275571
	227  275571
	228  275571
	229  275571
	230  275571
	231  275571
	232  275571
	233  275571
	234  275571
	235  275571
	236  275571
	237  275571
	238  275571
	239  275571
	240  275571
	241  275571
	242  275571
	243  275571
	244  275571
	245  275571
	246  275571
	247  275571
	248  275571
	249  275571
	250  275571
	251  275571
	252  275571
	253  275571
	254  275571
	255  275571
	256  275571
	257  275571
	258  275571
	259  275571
	260  275571
	261  275571
	262  275571
	263  275571
	264  275571
	265  275571
	266  275571
	267  275571
	268  275571
	269  275571
	270  275571
	271  275571
	272  275571
	273  275571
	274  275571
	275  275571
	276  275571
	277  275571
	278  275571
	279  275571
	280  275571
	281  275571
	282  275571
	283  275571
	284  275571
	285  275571
	286  275571
	287  275571
	288  275571
	289  275571
	290  275571
	291  275571
	292  275571
	293  275571
	294  275571
	295  275571
	296  275571
	297  275571
	298  275571
\end{filecontents*}



% **INPUTS** file: d2103, alpha: 0.5, beta: 1, rho: 0.75; median best over 1 trials.
% The best from file is: 80450
\begin{filecontents*}{data4.txt}
	0  301556
	1  301556
	2  301556
	3  301556
	4  301556
	5  301556
	6  301556
	7  301556
	8  301556
	9  301556
	10  301556
	11  301556
	12  301556
	13  301556
	14  301556
	15  301556
	16  301556
	17  301556
	18  301556
	19  301556
	20  301556
	21  301173
	22  299334
	23  297322
	24  292766
	25  287267
	26  287000
	27  285944
	28  285902
	29  284477
	30  283390
	31  281221
	32  278625
	33  276888
	34  276888
	35  276888
	36  276888
	37  276888
	38  276888
	39  276888
	40  276888
	41  276888
	42  276888
	43  276888
	44  276888
	45  276888
	46  276888
	47  276888
	48  276888
	49  276888
	50  276888
	51  276888
	52  276888
	53  276888
	54  276888
	55  276888
	56  276888
	57  276888
	58  276888
	59  276888
	60  276888
	61  276888
	62  276888
	63  276888
	64  276888
	65  276888
	66  276888
	67  276888
	68  276888
	69  276888
	70  276888
	71  276888
	72  276888
	73  276888
	74  276888
	75  276888
	76  276888
	77  276888
	78  276888
	79  276888
	80  276888
	81  276888
	82  276888
	83  276888
	84  276888
	85  276888
	86  276888
	87  276888
	88  276888
	89  276888
	90  276888
	91  276888
	92  276888
	93  276888
	94  276888
	95  276888
	96  276888
	97  276888
	98  276888
	99  276888
	100  276888
	101  276888
	102  276888
	103  276888
	104  276888
	105  276888
	106  276888
	107  276888
	108  276888
	109  276888
	110  276888
	111  276888
	112  276888
	113  276888
	114  276888
	115  276888
	116  276888
	117  276888
	118  276888
	119  276888
	120  276888
	121  276888
	122  276888
	123  276888
	124  276888
	125  276888
	126  276888
	127  276888
	128  276888
	129  276888
	130  276888
	131  276888
	132  276888
	133  276888
	134  276888
	135  276888
	136  276888
	137  276888
	138  276888
	139  276888
	140  276888
	141  276888
	142  276888
	143  276888
	144  276888
	145  276888
	146  276888
	147  276888
	148  276888
	149  276888
	150  276888
	151  276888
	152  276888
	153  276888
	154  276888
	155  276888
	156  276888
	157  276888
	158  276888
	159  276888
	160  276888
	161  276888
	162  276888
	163  276888
	164  276888
	165  276888
	166  276888
	167  276888
	168  276888
	169  276888
	170  276888
	171  276888
	172  276888
	173  276888
	174  276888
	175  276888
	176  276888
	177  276888
	178  276888
	179  276888
	180  276888
	181  276888
	182  276888
	183  276888
	184  276888
	185  276888
	186  276888
	187  276888
	188  276888
	189  276888
	190  276888
	191  276888
	192  276888
	193  276888
	194  276888
	195  276888
	196  276888
	197  276888
	198  276888
	199  276888
	200  276888
	201  276888
	202  276888
	203  276888
	204  276888
	205  276888
	206  276888
	207  276888
	208  276888
	209  276888
	210  276888
	211  276888
	212  276888
	213  276888
	214  276888
	215  276888
	216  276888
	217  276888
	218  276888
	219  276888
	220  276888
	221  276888
	222  276888
	223  276888
	224  276888
	225  276888
	226  276888
	227  276888
	228  276888
	229  276888
	230  276888
	231  276888
	232  276888
	233  276888
	234  276888
	235  276888
	236  276888
	237  276888
	238  276888
	239  276888
	240  276888
	241  276888
	242  276888
	243  276888
	244  276888
	245  276888
	246  276888
	247  276888
	248  276888
	249  276888
	250  276888
	251  276888
	252  276888
	253  276888
	254  276888
	255  276888
	256  276888
	257  276888
	258  276888
	259  276888
	260  276888
	261  276888
	262  276888
	263  276888
	264  276888
	265  276888
	266  276888
	267  276888
	268  276888
	269  276888
	270  276888
	271  276888
	272  276888
	273  276888
	274  276888
	275  276888
	276  276888
	277  276888
	278  276888
	279  276888
	280  276888
	281  276888
	282  276888
	283  276888
	284  276888
	285  276888
	286  276888
	287  276888
	288  276888
	289  276888
	290  276888
	291  276888
	292  276888
	293  276888
	294  276888
	295  276888
	296  276888
	297  276888
	298  276888
\end{filecontents*}



% **INPUTS** file: d2103, alpha: 0.5, beta: 2, rho: 0.01; median best over 1 trials.
% The best from file is: 80450
\begin{filecontents*}{data5.txt}
	0  161852
	1  161852
	2  161852
	3  161852
	4  161852
	5  161852
	6  161852
	7  161852
	8  161852
	9  161852
	10  161852
	11  161852
	12  161852
	13  161852
	14  161852
	15  161852
	16  161852
	17  161852
	18  161852
	19  161852
	20  161852
	21  161852
	22  161852
	23  161852
	24  161852
	25  161852
	26  161852
	27  161852
	28  161852
	29  161852
	30  161852
	31  161852
	32  161852
	33  161852
	34  161852
	35  161852
	36  161852
	37  161852
	38  161852
	39  161852
	40  161852
	41  161852
	42  161852
	43  161852
	44  161852
	45  161852
	46  161852
	47  161852
	48  161852
	49  161852
	50  161852
	51  161852
	52  161852
	53  161852
	54  161852
	55  161852
	56  161852
	57  161852
	58  161852
	59  161852
	60  161852
	61  161852
	62  161852
	63  161852
	64  161852
	65  161852
	66  161852
	67  161852
	68  161852
	69  161852
	70  161852
	71  161852
	72  161852
	73  161852
	74  161852
	75  161852
	76  161852
	77  161852
	78  161852
	79  161852
	80  161852
	81  161852
	82  161852
	83  161852
	84  161852
	85  161852
	86  161852
	87  161852
	88  161852
	89  161852
	90  161852
	91  161852
	92  161852
	93  161852
	94  161852
	95  161852
	96  161852
	97  161852
	98  161852
	99  161852
	100  161852
	101  161852
	102  161852
	103  161852
	104  161852
	105  161852
	106  161852
	107  161852
	108  161852
	109  161852
	110  161852
	111  161852
	112  161852
	113  161852
	114  161852
	115  161852
	116  161852
	117  161852
	118  161852
	119  161852
	120  161852
	121  161852
	122  161852
	123  161852
	124  161852
	125  161852
	126  161852
	127  161852
	128  161852
	129  161852
	130  161852
	131  161852
	132  161852
	133  161852
	134  161852
	135  161852
	136  161852
	137  161852
	138  161852
	139  161852
	140  161852
	141  161852
	142  161852
	143  161852
	144  161852
	145  161852
	146  161852
	147  161852
	148  161852
	149  161852
	150  161852
	151  161852
	152  161852
	153  161852
	154  161852
	155  161852
	156  161852
	157  161852
	158  161852
	159  161852
	160  161852
	161  161852
	162  161852
	163  161852
	164  161852
	165  161852
	166  161852
	167  161852
	168  161852
	169  161852
	170  161852
	171  161852
	172  161852
	173  161852
	174  161852
	175  161852
	176  161852
	177  161852
	178  161852
	179  161852
	180  161852
	181  161852
	182  161852
	183  161852
	184  161852
	185  161852
	186  161852
	187  161852
	188  161852
	189  161852
	190  161852
	191  161852
	192  161852
	193  161852
	194  161852
	195  161852
	196  161852
	197  161852
	198  161852
	199  161852
	200  161852
	201  161852
	202  161852
	203  161852
	204  161852
	205  161852
	206  161852
	207  161852
	208  161852
	209  161852
	210  161852
	211  161852
	212  161852
	213  161852
	214  161852
	215  161852
	216  161852
	217  161852
	218  161852
	219  161852
	220  161852
	221  161852
	222  161852
	223  161852
	224  161852
	225  161852
	226  161852
	227  161852
	228  161852
	229  161852
	230  161852
	231  161852
	232  161852
	233  161852
	234  161852
	235  161852
	236  161852
	237  161852
	238  161852
	239  161852
	240  161852
	241  161852
	242  161852
	243  161852
	244  161852
	245  161852
	246  161852
	247  161852
	248  161852
	249  161852
	250  161852
	251  161852
	252  161852
	253  161852
	254  161852
	255  161852
	256  161852
	257  161852
	258  161852
	259  161852
	260  161852
	261  161852
	262  161852
	263  161852
	264  161852
	265  161852
	266  161852
	267  161852
	268  161852
	269  161852
	270  161852
	271  161852
	272  161852
	273  161852
	274  161852
	275  161852
	276  161852
	277  161852
	278  161852
	279  161852
	280  161852
	281  161852
	282  161852
	283  161852
	284  161852
	285  161852
	286  161852
	287  161852
	288  161852
	289  161852
	290  161852
	291  161852
	292  161852
	293  161852
	294  161852
	295  161852
	296  161852
	297  161852
	298  161852
\end{filecontents*}



% **INPUTS** file: d2103, alpha: 0.5, beta: 2, rho: 0.1; median best over 1 trials.
% The best from file is: 80450
\begin{filecontents*}{data6.txt}
	0  161827
	1  161827
	2  161827
	3  161827
	4  161827
	5  161827
	6  161827
	7  161827
	8  161827
	9  161827
	10  161827
	11  161827
	12  161827
	13  161827
	14  161827
	15  161827
	16  161827
	17  161827
	18  161827
	19  161827
	20  161827
	21  161827
	22  161827
	23  161827
	24  161827
	25  161827
	26  161827
	27  161827
	28  161827
	29  161827
	30  161827
	31  161827
	32  161827
	33  161827
	34  161827
	35  161827
	36  161827
	37  161827
	38  161827
	39  161827
	40  161827
	41  161827
	42  161827
	43  161827
	44  161827
	45  161827
	46  161827
	47  161827
	48  161827
	49  161827
	50  161827
	51  161827
	52  161827
	53  161827
	54  161827
	55  161827
	56  161827
	57  161827
	58  161827
	59  161827
	60  161827
	61  161827
	62  161827
	63  161827
	64  161827
	65  161827
	66  161827
	67  161827
	68  161827
	69  161827
	70  161827
	71  161827
	72  161827
	73  161827
	74  161827
	75  161827
	76  161827
	77  161827
	78  161827
	79  161827
	80  161827
	81  161827
	82  161827
	83  161827
	84  161827
	85  161827
	86  161827
	87  161827
	88  161827
	89  161827
	90  161827
	91  161827
	92  161827
	93  161827
	94  161827
	95  161827
	96  161827
	97  161827
	98  161827
	99  161827
	100  161827
	101  161827
	102  161827
	103  161827
	104  161827
	105  161827
	106  161827
	107  161827
	108  161827
	109  161827
	110  161827
	111  161827
	112  161827
	113  161827
	114  161827
	115  161827
	116  161827
	117  161827
	118  161827
	119  161827
	120  161827
	121  161827
	122  161827
	123  161827
	124  161827
	125  161827
	126  161827
	127  161827
	128  161827
	129  161827
	130  161827
	131  161827
	132  161827
	133  161827
	134  161827
	135  161827
	136  161827
	137  161827
	138  161827
	139  161827
	140  161827
	141  161827
	142  161827
	143  161827
	144  161827
	145  161827
	146  161827
	147  161827
	148  161827
	149  161827
	150  161827
	151  161827
	152  161827
	153  161827
	154  161827
	155  161827
	156  161827
	157  161827
	158  161827
	159  161827
	160  161827
	161  161827
	162  161827
	163  161827
	164  161827
	165  161827
	166  161827
	167  161827
	168  161827
	169  161827
	170  161827
	171  161827
	172  161827
	173  161827
	174  161827
	175  161827
	176  161827
	177  161827
	178  161827
	179  161827
	180  161827
	181  161827
	182  161827
	183  161827
	184  161827
	185  161827
	186  161827
	187  161827
	188  161827
	189  161827
	190  161827
	191  161827
	192  161827
	193  161827
	194  161827
	195  161827
	196  161827
	197  161827
	198  161827
	199  161827
	200  161827
	201  161827
	202  161827
	203  161827
	204  161827
	205  161827
	206  161827
	207  161827
	208  161827
	209  161827
	210  161827
	211  161827
	212  161827
	213  161827
	214  161827
	215  161827
	216  161827
	217  161827
	218  161827
	219  161827
	220  161827
	221  161827
	222  161827
	223  161827
	224  161827
	225  161827
	226  161827
	227  161827
	228  161827
	229  161827
	230  161827
	231  161827
	232  161827
	233  161827
	234  161827
	235  161827
	236  161827
	237  161545
	238  161312
	239  161312
	240  161312
	241  161312
	242  158285
	243  158285
	244  158285
	245  158285
	246  158285
	247  158285
	248  158285
	249  158285
	250  158285
	251  158285
	252  158285
	253  158285
	254  158285
	255  158285
	256  158285
	257  158285
	258  158285
	259  158285
	260  158285
	261  158285
	262  158285
	263  158285
	264  158285
	265  158285
	266  158285
	267  158285
	268  158285
	269  158285
	270  158285
	271  158285
	272  158285
	273  158285
	274  158285
	275  155798
	276  155798
	277  155798
	278  153463
	279  153463
	280  153463
	281  153463
	282  153463
	283  153463
	284  153463
	285  153463
	286  153463
	287  153411
	288  152869
	289  152869
	290  152869
	291  152869
	292  152869
	293  152739
	294  152739
	295  152739
	296  152739
	297  152739
	298  152739
\end{filecontents*}



% **INPUTS** file: d2103, alpha: 0.5, beta: 2, rho: 0.25; median best over 1 trials.
% The best from file is: 80450
\begin{filecontents*}{data7.txt}
	0  163126
	1  163126
	2  163126
	3  163126
	4  163126
	5  163126
	6  163126
	7  163126
	8  163126
	9  163126
	10  163126
	11  163126
	12  163126
	13  163126
	14  163126
	15  163126
	16  163126
	17  163126
	18  163126
	19  163126
	20  163126
	21  163126
	22  163126
	23  163126
	24  163126
	25  163126
	26  163126
	27  163126
	28  163126
	29  163126
	30  163126
	31  163126
	32  163126
	33  163126
	34  163126
	35  163126
	36  163126
	37  163126
	38  163126
	39  163126
	40  163126
	41  163126
	42  163126
	43  163126
	44  163126
	45  163126
	46  163126
	47  163126
	48  163126
	49  163126
	50  163126
	51  163126
	52  163126
	53  163126
	54  163126
	55  163126
	56  163126
	57  163126
	58  163126
	59  163126
	60  163126
	61  163126
	62  163126
	63  163126
	64  163126
	65  163126
	66  163126
	67  163126
	68  163126
	69  163126
	70  163126
	71  163126
	72  163126
	73  163126
	74  163126
	75  163126
	76  163126
	77  163126
	78  163126
	79  163126
	80  163126
	81  163126
	82  163126
	83  163126
	84  163126
	85  163126
	86  163126
	87  163126
	88  163126
	89  163126
	90  163126
	91  163126
	92  163126
	93  163126
	94  163126
	95  163126
	96  163126
	97  163126
	98  163126
	99  163126
	100  163126
	101  163126
	102  163126
	103  163126
	104  163011
	105  159557
	106  159557
	107  159557
	108  158582
	109  158582
	110  158582
	111  158480
	112  158480
	113  158480
	114  158287
	115  157905
	116  157905
	117  154239
	118  154239
	119  154239
	120  154239
	121  154239
	122  154239
	123  154239
	124  153197
	125  153197
	126  152128
	127  152128
	128  152128
	129  152124
	130  151611
	131  151611
	132  151611
	133  151611
	134  151611
	135  151611
	136  151611
	137  151324
	138  151324
	139  151220
	140  151220
	141  151220
	142  151220
	143  150943
	144  150687
	145  150219
	146  150219
	147  150219
	148  150219
	149  150219
	150  150219
	151  150219
	152  149753
	153  149753
	154  148413
	155  148413
	156  148413
	157  148413
	158  148413
	159  148413
	160  147359
	161  147359
	162  147359
	163  147359
	164  147344
	165  147232
	166  147091
	167  147033
	168  147033
	169  146901
	170  146901
	171  146865
	172  146183
	173  146183
	174  146183
	175  145907
	176  145907
	177  145907
	178  145870
	179  145870
	180  145870
	181  145870
	182  145870
	183  145870
	184  145870
	185  145870
	186  145870
	187  145870
	188  145870
	189  145870
	190  145460
	191  145019
	192  145019
	193  145016
	194  145016
	195  145016
	196  144921
	197  144921
	198  144470
	199  143492
	200  143492
	201  143492
	202  143168
	203  142134
	204  142134
	205  142122
	206  142122
	207  142122
	208  142122
	209  142107
	210  142107
	211  142107
	212  142107
	213  142107
	214  142107
	215  142107
	216  141771
	217  141156
	218  140999
	219  140999
	220  140999
	221  140999
	222  140999
	223  140999
	224  140999
	225  140999
	226  140999
	227  140999
	228  140999
	229  140785
	230  140785
	231  140785
	232  140785
	233  140785
	234  140667
	235  140667
	236  140667
	237  140667
	238  140667
	239  140667
	240  140667
	241  140667
	242  140667
	243  140667
	244  140667
	245  140667
	246  140667
	247  140667
	248  140639
	249  140639
	250  140639
	251  140639
	252  140632
	253  140632
	254  140632
	255  140594
	256  140594
	257  140594
	258  140594
	259  140594
	260  140594
	261  140594
	262  140594
	263  140541
	264  140541
	265  140541
	266  140541
	267  140541
	268  140541
	269  140541
	270  140541
	271  140541
	272  140537
	273  140537
	274  140537
	275  140497
	276  140497
	277  140497
	278  140497
	279  140497
	280  140497
	281  140497
	282  140497
	283  140497
	284  140497
	285  140483
	286  140483
	287  140483
	288  140483
	289  140063
	290  140063
	291  140063
	292  140063
	293  140063
	294  140063
	295  140063
	296  140063
	297  140063
	298  140042
\end{filecontents*}



% **INPUTS** file: d2103, alpha: 0.5, beta: 2, rho: 0.5; median best over 1 trials.
% The best from file is: 80450
\begin{filecontents*}{data8.txt}
	0  165742
	1  165742
	2  165742
	3  165742
	4  165742
	5  165742
	6  165742
	7  165742
	8  165742
	9  165742
	10  165742
	11  165742
	12  165742
	13  165742
	14  165742
	15  165742
	16  165742
	17  165742
	18  165742
	19  165742
	20  165742
	21  165742
	22  165742
	23  165742
	24  165742
	25  165742
	26  165742
	27  165742
	28  165742
	29  165742
	30  165742
	31  165742
	32  165742
	33  165742
	34  165742
	35  165742
	36  165742
	37  165742
	38  165742
	39  165507
	40  165248
	41  162255
	42  161718
	43  160533
	44  160143
	45  159901
	46  157919
	47  157471
	48  156357
	49  156268
	50  155993
	51  155981
	52  155384
	53  153684
	54  153659
	55  153235
	56  152934
	57  152553
	58  150924
	59  150227
	60  149565
	61  149499
	62  149313
	63  148769
	64  148769
	65  148722
	66  148722
	67  148722
	68  148722
	69  148722
	70  148722
	71  148722
	72  148722
	73  148602
	74  148602
	75  148602
	76  148602
	77  148548
	78  148548
	79  148548
	80  148511
	81  148511
	82  148511
	83  148511
	84  148511
	85  148511
	86  148511
	87  148511
	88  148511
	89  148511
	90  148511
	91  148511
	92  148511
	93  148511
	94  148511
	95  148511
	96  148511
	97  148511
	98  148511
	99  148511
	100  148511
	101  148511
	102  148511
	103  148511
	104  148511
	105  148511
	106  148511
	107  148511
	108  148511
	109  148511
	110  148511
	111  148511
	112  148511
	113  148511
	114  148511
	115  148511
	116  148511
	117  148511
	118  148511
	119  148511
	120  148511
	121  148511
	122  148511
	123  148511
	124  148511
	125  148511
	126  148511
	127  148511
	128  148511
	129  148511
	130  148511
	131  148511
	132  148511
	133  148511
	134  148511
	135  148511
	136  148511
	137  148511
	138  148511
	139  148511
	140  148511
	141  148511
	142  148511
	143  148511
	144  148511
	145  148511
	146  148511
	147  148511
	148  148511
	149  148511
	150  148511
	151  148511
	152  148511
	153  148511
	154  148511
	155  148511
	156  148511
	157  148511
	158  148511
	159  148511
	160  148511
	161  148511
	162  148511
	163  148511
	164  148511
	165  148511
	166  148511
	167  148511
	168  148511
	169  148511
	170  148511
	171  148511
	172  148511
	173  148511
	174  148511
	175  148511
	176  148511
	177  148511
	178  148511
	179  148511
	180  148511
	181  148511
	182  148511
	183  148511
	184  148511
	185  148511
	186  148511
	187  148511
	188  148511
	189  148511
	190  148511
	191  148511
	192  148511
	193  148511
	194  148511
	195  148511
	196  148511
	197  148511
	198  148511
	199  148511
	200  148511
	201  148511
	202  148511
	203  148511
	204  148511
	205  148511
	206  148511
	207  148511
	208  148511
	209  148511
	210  148511
	211  148511
	212  148511
	213  148511
	214  148511
	215  148511
	216  148511
	217  148511
	218  148511
	219  148511
	220  148511
	221  148511
	222  148511
	223  148511
	224  148511
	225  148511
	226  148511
	227  148511
	228  148511
	229  148511
	230  148511
	231  148511
	232  148511
	233  148511
	234  148511
	235  148511
	236  148511
	237  148511
	238  148511
	239  148511
	240  148511
	241  148511
	242  148511
	243  148511
	244  148511
	245  148511
	246  148511
	247  148511
	248  148511
	249  148511
	250  148511
	251  148511
	252  148511
	253  148511
	254  148511
	255  148511
	256  148511
	257  148511
	258  148511
	259  148511
	260  148511
	261  148511
	262  148511
	263  148511
	264  148511
	265  148511
	266  148511
	267  148511
	268  148511
	269  148511
	270  148511
	271  148511
	272  148511
	273  148511
	274  148511
	275  148511
	276  148511
	277  148511
	278  148511
	279  148511
	280  148511
	281  148511
	282  148511
	283  148511
	284  148511
	285  148511
	286  148511
	287  148511
	288  148511
	289  148511
	290  148511
	291  148511
	292  148511
	293  148511
	294  148511
	295  148511
	296  148511
	297  148511
	298  148511
\end{filecontents*}



% **INPUTS** file: d2103, alpha: 0.5, beta: 2, rho: 0.75; median best over 1 trials.
% The best from file is: 80450
\begin{filecontents*}{data9.txt}
	0  169319
	1  169319
	2  169319
	3  169319
	4  169319
	5  169319
	6  169319
	7  169319
	8  169319
	9  169319
	10  169319
	11  169319
	12  169319
	13  169319
	14  169319
	15  169319
	16  169319
	17  169319
	18  169319
	19  166438
	20  163623
	21  161764
	22  153959
	23  153394
	24  153187
	25  153187
	26  152453
	27  152453
	28  152453
	29  152453
	30  152453
	31  152453
	32  152453
	33  152290
	34  152290
	35  152290
	36  152290
	37  152290
	38  152290
	39  152290
	40  152290
	41  152290
	42  152290
	43  152290
	44  152290
	45  152290
	46  152290
	47  152290
	48  152290
	49  152290
	50  152290
	51  152290
	52  152290
	53  152290
	54  152290
	55  152290
	56  152290
	57  152290
	58  152290
	59  152290
	60  152290
	61  152290
	62  152290
	63  152290
	64  152290
	65  152290
	66  152290
	67  152290
	68  152290
	69  152290
	70  152290
	71  152290
	72  152290
	73  152290
	74  152290
	75  152290
	76  152290
	77  152290
	78  152290
	79  152290
	80  152290
	81  152290
	82  152290
	83  152290
	84  152290
	85  152290
	86  152290
	87  152290
	88  152290
	89  152290
	90  152290
	91  152290
	92  152290
	93  152290
	94  152290
	95  152290
	96  152290
	97  152290
	98  152290
	99  152290
	100  152290
	101  152290
	102  152290
	103  152290
	104  152290
	105  152290
	106  152290
	107  152290
	108  152290
	109  152290
	110  152290
	111  152290
	112  152290
	113  152290
	114  152290
	115  152290
	116  152290
	117  152290
	118  152290
	119  152290
	120  152290
	121  152290
	122  152290
	123  152290
	124  152290
	125  152290
	126  152290
	127  152290
	128  152290
	129  152290
	130  152290
	131  152290
	132  152290
	133  152290
	134  152290
	135  152290
	136  152290
	137  152290
	138  152290
	139  152290
	140  152290
	141  152290
	142  152290
	143  152290
	144  152290
	145  152290
	146  152290
	147  152290
	148  152290
	149  152290
	150  152290
	151  152290
	152  152290
	153  152290
	154  152290
	155  152290
	156  152290
	157  152290
	158  152290
	159  152290
	160  152290
	161  152290
	162  152290
	163  152290
	164  152290
	165  152290
	166  152290
	167  152290
	168  152290
	169  152290
	170  152290
	171  152290
	172  152290
	173  152290
	174  152290
	175  152290
	176  152290
	177  152290
	178  152290
	179  152290
	180  152290
	181  152290
	182  152290
	183  152290
	184  152290
	185  152290
	186  152290
	187  152290
	188  152290
	189  152290
	190  152290
	191  152290
	192  152290
	193  152290
	194  152290
	195  152290
	196  152290
	197  152290
	198  152290
	199  152290
	200  152290
	201  152290
	202  152290
	203  152290
	204  152290
	205  152290
	206  152290
	207  152290
	208  152290
	209  152290
	210  152290
	211  152290
	212  152290
	213  152290
	214  152290
	215  152290
	216  152290
	217  152290
	218  152290
	219  152290
	220  152290
	221  152290
	222  152290
	223  152290
	224  152290
	225  152290
	226  152290
	227  152290
	228  152290
	229  152290
	230  152290
	231  152290
	232  152290
	233  152290
	234  152290
	235  152290
	236  152290
	237  152290
	238  152290
	239  152290
	240  152290
	241  152290
	242  152290
	243  152290
	244  152290
	245  152290
	246  152290
	247  152290
	248  152290
	249  152290
	250  152290
	251  152290
	252  152290
	253  152290
	254  152290
	255  152290
	256  152290
	257  152290
	258  152290
	259  152290
	260  152290
	261  152290
	262  152290
	263  152290
	264  152290
	265  152290
	266  152290
	267  152290
	268  152290
	269  152290
	270  152290
	271  152290
	272  152290
	273  152290
	274  152290
	275  152290
	276  152290
	277  152290
	278  152290
	279  152290
	280  152290
	281  152290
	282  152290
	283  152290
	284  152290
	285  152290
	286  152290
	287  152290
	288  152290
	289  152290
	290  152290
	291  152290
	292  152290
	293  152290
	294  152290
	295  152290
	296  152290
	297  152290
	298  152290
\end{filecontents*}



% **INPUTS** file: d2103, alpha: 0.5, beta: 3, rho: 0.01; median best over 1 trials.
% The best from file is: 80450
\begin{filecontents*}{data10.txt}
	0  111993
	1  111993
	2  111993
	3  111993
	4  111993
	5  111993
	6  111993
	7  111993
	8  111993
	9  111993
	10  111993
	11  111993
	12  111993
	13  111993
	14  111993
	15  111993
	16  111993
	17  111993
	18  111993
	19  111993
	20  111993
	21  111993
	22  111993
	23  111993
	24  111993
	25  111993
	26  111993
	27  111993
	28  111993
	29  111993
	30  111993
	31  111993
	32  111993
	33  111993
	34  111993
	35  111993
	36  111993
	37  111993
	38  111993
	39  111993
	40  111993
	41  111993
	42  111993
	43  111993
	44  111993
	45  111993
	46  111993
	47  111993
	48  111993
	49  111993
	50  111993
	51  111993
	52  111993
	53  111993
	54  111993
	55  111993
	56  111993
	57  111993
	58  111993
	59  111993
	60  111993
	61  111993
	62  111993
	63  111993
	64  111993
	65  111993
	66  111993
	67  111993
	68  111993
	69  111993
	70  111993
	71  111993
	72  111993
	73  111993
	74  111993
	75  111993
	76  111993
	77  111993
	78  111993
	79  111993
	80  111993
	81  111993
	82  111993
	83  111993
	84  111993
	85  111993
	86  111993
	87  111993
	88  111993
	89  111993
	90  111993
	91  111993
	92  111993
	93  111993
	94  111993
	95  111993
	96  111993
	97  111993
	98  111993
	99  111993
	100  111993
	101  111993
	102  111993
	103  111993
	104  111993
	105  111993
	106  111993
	107  111993
	108  111993
	109  111993
	110  111993
	111  111993
	112  111993
	113  111993
	114  111993
	115  111993
	116  111993
	117  111993
	118  111993
	119  111993
	120  111993
	121  111993
	122  111993
	123  111993
	124  111993
	125  111993
	126  111993
	127  111993
	128  111993
	129  111993
	130  111993
	131  111993
	132  111993
	133  111993
	134  111993
	135  111993
	136  111993
	137  111993
	138  111993
	139  111993
	140  111993
	141  111993
	142  111993
	143  111993
	144  111993
	145  111993
	146  111993
	147  111993
	148  111993
	149  111993
	150  111993
	151  111993
	152  111993
	153  111993
	154  111993
	155  111993
	156  111993
	157  111993
	158  111993
	159  111993
	160  111993
	161  111993
	162  111993
	163  111993
	164  111993
	165  111993
	166  111993
	167  111993
	168  111993
	169  111993
	170  111993
	171  111993
	172  111993
	173  111993
	174  111993
	175  111993
	176  111993
	177  111993
	178  111993
	179  111993
	180  111993
	181  111993
	182  111993
	183  111993
	184  111993
	185  111993
	186  111993
	187  111993
	188  111993
	189  111993
	190  111993
	191  111993
	192  111993
	193  111993
	194  111993
	195  111993
	196  111993
	197  111993
	198  111993
	199  111993
	200  111993
	201  111993
	202  111993
	203  111993
	204  111993
	205  111993
	206  111993
	207  111993
	208  111993
	209  111993
	210  111993
	211  111993
	212  111993
	213  111993
	214  111993
	215  111993
	216  111993
	217  111993
	218  111993
	219  111993
	220  111993
	221  111993
	222  111993
	223  111993
	224  111993
	225  111993
	226  111993
	227  111993
	228  111993
	229  111993
	230  111993
	231  111993
	232  111993
	233  111993
	234  111993
	235  111993
	236  111993
	237  111993
	238  111993
	239  111993
	240  111993
	241  111993
	242  111993
	243  111993
	244  111993
	245  111993
	246  111993
	247  111993
	248  111993
	249  111993
	250  111993
	251  111993
	252  111993
	253  111993
	254  111993
	255  111993
	256  111993
	257  111993
	258  111993
	259  111993
	260  111993
	261  111993
	262  111993
	263  111993
	264  111993
	265  111993
	266  111993
	267  111993
	268  111993
	269  111993
	270  111993
	271  111993
	272  111993
	273  111993
	274  111993
	275  111993
	276  111993
	277  111993
	278  111993
	279  111993
	280  111993
	281  111993
	282  111993
	283  111993
	284  111993
	285  111993
	286  111993
	287  111993
	288  111993
	289  111993
	290  111993
	291  111993
	292  111993
	293  111993
	294  111993
	295  111993
	296  111993
	297  111993
	298  111993
\end{filecontents*}



% **INPUTS** file: d2103, alpha: 0.5, beta: 3, rho: 0.1; median best over 1 trials.
% The best from file is: 80450
\begin{filecontents*}{data11.txt}
	0  119101
	1  119101
	2  119101
	3  119101
	4  119101
	5  119101
	6  119101
	7  119101
	8  119101
	9  119101
	10  119101
	11  119101
	12  119101
	13  119101
	14  119101
	15  119101
	16  119101
	17  119101
	18  119101
	19  119101
	20  119101
	21  119101
	22  119101
	23  119101
	24  119101
	25  119101
	26  119101
	27  119101
	28  119101
	29  119101
	30  119101
	31  119101
	32  119101
	33  119101
	34  119101
	35  119101
	36  119101
	37  119101
	38  119101
	39  119101
	40  119101
	41  119101
	42  119101
	43  119101
	44  119101
	45  119101
	46  119101
	47  119101
	48  119101
	49  119101
	50  119101
	51  119101
	52  119101
	53  119101
	54  119101
	55  119101
	56  119101
	57  119101
	58  119101
	59  119101
	60  119101
	61  119101
	62  119101
	63  119101
	64  119101
	65  119101
	66  119101
	67  119101
	68  119101
	69  119101
	70  119101
	71  119101
	72  119101
	73  119101
	74  119101
	75  119101
	76  119101
	77  119101
	78  119101
	79  119101
	80  119101
	81  119101
	82  119101
	83  119101
	84  119101
	85  119101
	86  119101
	87  119101
	88  119101
	89  119101
	90  119101
	91  119101
	92  119101
	93  119101
	94  119101
	95  119101
	96  119101
	97  119101
	98  119101
	99  119101
	100  119101
	101  119101
	102  119101
	103  119101
	104  119101
	105  119101
	106  119101
	107  119101
	108  119101
	109  119101
	110  119101
	111  119101
	112  119101
	113  119101
	114  119101
	115  119101
	116  119101
	117  119101
	118  119101
	119  119101
	120  119101
	121  119101
	122  119101
	123  119101
	124  119101
	125  119101
	126  119101
	127  119101
	128  119101
	129  119101
	130  119101
	131  119101
	132  119101
	133  119101
	134  119101
	135  119101
	136  119101
	137  119101
	138  119101
	139  119101
	140  119101
	141  119101
	142  119101
	143  119101
	144  119101
	145  119101
	146  119101
	147  119101
	148  119101
	149  119101
	150  119101
	151  119101
	152  119101
	153  119101
	154  119101
	155  119101
	156  119101
	157  119101
	158  119101
	159  119101
	160  119101
	161  119101
	162  119101
	163  119101
	164  119101
	165  119101
	166  119101
	167  119101
	168  119101
	169  119101
	170  119101
	171  119101
	172  119101
	173  119101
	174  119101
	175  119101
	176  119101
	177  119101
	178  119101
	179  119101
	180  119101
	181  119101
	182  119101
	183  119101
	184  119101
	185  119101
	186  119101
	187  119101
	188  119101
	189  119101
	190  119101
	191  119101
	192  119101
	193  119101
	194  119101
	195  119101
	196  119101
	197  119101
	198  119101
	199  119101
	200  119101
	201  119101
	202  119101
	203  119101
	204  119101
	205  119101
	206  119101
	207  119101
	208  119101
	209  119101
	210  119101
	211  119101
	212  119101
	213  119101
	214  119101
	215  119101
	216  119101
	217  119101
	218  119101
	219  119101
	220  119101
	221  119101
	222  119101
	223  119101
	224  118691
	225  118691
	226  118691
	227  118691
	228  118678
	229  118544
	230  118544
	231  118544
	232  118544
	233  118544
	234  118544
	235  117760
	236  117760
	237  116821
	238  116821
	239  116821
	240  116821
	241  116821
	242  116821
	243  116821
	244  116821
	245  116821
	246  116821
	247  116821
	248  116821
	249  116821
	250  116821
	251  116821
	252  116821
	253  116821
	254  116821
	255  116463
	256  116463
	257  116463
	258  116463
	259  116463
	260  116463
	261  116463
	262  116463
	263  116463
	264  116463
	265  116463
	266  116463
	267  116463
	268  116463
	269  116411
	270  116411
	271  116411
	272  116411
	273  116411
	274  116411
	275  116411
	276  116411
	277  116411
	278  116411
	279  116411
	280  116411
	281  116411
	282  116411
	283  116411
	284  116411
	285  116411
	286  116411
	287  116411
	288  116411
	289  116411
	290  116411
	291  116411
	292  116411
	293  116411
	294  116411
	295  116411
	296  116411
	297  116411
	298  116411
\end{filecontents*}



% **INPUTS** file: d2103, alpha: 0.5, beta: 3, rho: 0.25; median best over 1 trials.
% The best from file is: 80450
\begin{filecontents*}{data12.txt}
	0  114753
	1  114753
	2  114753
	3  114753
	4  114753
	5  114753
	6  114753
	7  114753
	8  114753
	9  114753
	10  114753
	11  114753
	12  114753
	13  114753
	14  114753
	15  114753
	16  114753
	17  114753
	18  114753
	19  114753
	20  114753
	21  114753
	22  114753
	23  114753
	24  114753
	25  114753
	26  114753
	27  114753
	28  114753
	29  114753
	30  114753
	31  114753
	32  114753
	33  114753
	34  114753
	35  114753
	36  114753
	37  114753
	38  114753
	39  114753
	40  114753
	41  114753
	42  114753
	43  114753
	44  114753
	45  114753
	46  114753
	47  114753
	48  114753
	49  114753
	50  114753
	51  114753
	52  114753
	53  114753
	54  114753
	55  114753
	56  114753
	57  114753
	58  114753
	59  114753
	60  114753
	61  114753
	62  114753
	63  114753
	64  114753
	65  114753
	66  114753
	67  114753
	68  114753
	69  114753
	70  114753
	71  114753
	72  114753
	73  114753
	74  114753
	75  114753
	76  113957
	77  113957
	78  113957
	79  113957
	80  113957
	81  113957
	82  113949
	83  113949
	84  113949
	85  113949
	86  113949
	87  113829
	88  113829
	89  113525
	90  113525
	91  113525
	92  113525
	93  113525
	94  113525
	95  113525
	96  113525
	97  113525
	98  113335
	99  113335
	100  113335
	101  113335
	102  113335
	103  113335
	104  113335
	105  113335
	106  113335
	107  113335
	108  113335
	109  113335
	110  113335
	111  113335
	112  113335
	113  112093
	114  112093
	115  112093
	116  112093
	117  112093
	118  112093
	119  112093
	120  111916
	121  111916
	122  111916
	123  111916
	124  111916
	125  111916
	126  111750
	127  111750
	128  111750
	129  111750
	130  111750
	131  111750
	132  111750
	133  111603
	134  111603
	135  111603
	136  111603
	137  111603
	138  111603
	139  111603
	140  111603
	141  111603
	142  111603
	143  111603
	144  111603
	145  111603
	146  111585
	147  111585
	148  111545
	149  111545
	150  111545
	151  111545
	152  111232
	153  111103
	154  111054
	155  111054
	156  111054
	157  111054
	158  111054
	159  111054
	160  111054
	161  110843
	162  110843
	163  110390
	164  110390
	165  110383
	166  110383
	167  110383
	168  110383
	169  110383
	170  110383
	171  110383
	172  110383
	173  110383
	174  110383
	175  110251
	176  110251
	177  110251
	178  110251
	179  110251
	180  110251
	181  110216
	182  110216
	183  110216
	184  110216
	185  110107
	186  110107
	187  110099
	188  110099
	189  110099
	190  110099
	191  110099
	192  110099
	193  110094
	194  110094
	195  109987
	196  109987
	197  109987
	198  109732
	199  109732
	200  109732
	201  109732
	202  109732
	203  109732
	204  109618
	205  109618
	206  109618
	207  109618
	208  109618
	209  109618
	210  109618
	211  109618
	212  109618
	213  109618
	214  109618
	215  109618
	216  109618
	217  109618
	218  109618
	219  109618
	220  109618
	221  109566
	222  109566
	223  109566
	224  109566
	225  109566
	226  109566
	227  109566
	228  109562
	229  109562
	230  109496
	231  109496
	232  109496
	233  109496
	234  109496
	235  109459
	236  109459
	237  109459
	238  109459
	239  109370
	240  109370
	241  109370
	242  109370
	243  109341
	244  109341
	245  109341
	246  109341
	247  109341
	248  109341
	249  109341
	250  109341
	251  109341
	252  109341
	253  109341
	254  109341
	255  109341
	256  109341
	257  109341
	258  109341
	259  109341
	260  109177
	261  109177
	262  109099
	263  109099
	264  109099
	265  109034
	266  108886
	267  108850
	268  108850
	269  108850
	270  108850
	271  108850
	272  108850
	273  108850
	274  108850
	275  108850
	276  108850
	277  108850
	278  108569
	279  108569
	280  108569
	281  108569
	282  108569
	283  108369
	284  108369
	285  108369
	286  108369
	287  108369
	288  108283
	289  108283
	290  108283
	291  108283
	292  108283
	293  108283
	294  108283
	295  108283
	296  108283
	297  108283
	298  108283
\end{filecontents*}



% **INPUTS** file: d2103, alpha: 0.5, beta: 3, rho: 0.5; median best over 1 trials.
% The best from file is: 80450
\begin{filecontents*}{data13.txt}
	0  113059
	1  113059
	2  113059
	3  113059
	4  113059
	5  113059
	6  113059
	7  113059
	8  113059
	9  113059
	10  113059
	11  113059
	12  113059
	13  113059
	14  113059
	15  113059
	16  113059
	17  113059
	18  113059
	19  113059
	20  113059
	21  113059
	22  113059
	23  113059
	24  113059
	25  113059
	26  113059
	27  113059
	28  113059
	29  113059
	30  113059
	31  113059
	32  113059
	33  113059
	34  113059
	35  113059
	36  113059
	37  113059
	38  113059
	39  113059
	40  113059
	41  113059
	42  113059
	43  113059
	44  113059
	45  113059
	46  113059
	47  112990
	48  112990
	49  112801
	50  112764
	51  112764
	52  112749
	53  112749
	54  112749
	55  112573
	56  112573
	57  112332
	58  111886
	59  111886
	60  111886
	61  111886
	62  111886
	63  111886
	64  111886
	65  111886
	66  111886
	67  111886
	68  111886
	69  111886
	70  111886
	71  111886
	72  111814
	73  111814
	74  111814
	75  111814
	76  111814
	77  111814
	78  111814
	79  111814
	80  111814
	81  111814
	82  111051
	83  111051
	84  110850
	85  110850
	86  110818
	87  110570
	88  110570
	89  110570
	90  110515
	91  110515
	92  110464
	93  110464
	94  110464
	95  110464
	96  110464
	97  110464
	98  110464
	99  110464
	100  110464
	101  110464
	102  110162
	103  110162
	104  110162
	105  110162
	106  110162
	107  110108
	108  110087
	109  110087
	110  110067
	111  110067
	112  110067
	113  110067
	114  110067
	115  110052
	116  109922
	117  109922
	118  109922
	119  109922
	120  109922
	121  109922
	122  109849
	123  109849
	124  109823
	125  109700
	126  109700
	127  109700
	128  109700
	129  109700
	130  109700
	131  109700
	132  109700
	133  109700
	134  109700
	135  109673
	136  109673
	137  109673
	138  109673
	139  109673
	140  109673
	141  109673
	142  109673
	143  109673
	144  109673
	145  109673
	146  109673
	147  109673
	148  109673
	149  109673
	150  109673
	151  109673
	152  109673
	153  109673
	154  109673
	155  109673
	156  109673
	157  109673
	158  109673
	159  109617
	160  109617
	161  109617
	162  109617
	163  109617
	164  109617
	165  109617
	166  109617
	167  109617
	168  109617
	169  109567
	170  109559
	171  109559
	172  109559
	173  109559
	174  109559
	175  109559
	176  109559
	177  109522
	178  109522
	179  109522
	180  109522
	181  109522
	182  109522
	183  109520
	184  109520
	185  109520
	186  109520
	187  109520
	188  109520
	189  109520
	190  109520
	191  109520
	192  109520
	193  109520
	194  109520
	195  109520
	196  109520
	197  109520
	198  109520
	199  109520
	200  109520
	201  109520
	202  109520
	203  109520
	204  109520
	205  109520
	206  109520
	207  109520
	208  109520
	209  109520
	210  109520
	211  109520
	212  109520
	213  109520
	214  109520
	215  109520
	216  109520
	217  109520
	218  109520
	219  109520
	220  109520
	221  109520
	222  109520
	223  109520
	224  109520
	225  109520
	226  109520
	227  109520
	228  109520
	229  109520
	230  109520
	231  109520
	232  109520
	233  109520
	234  109520
	235  109520
	236  109520
	237  109520
	238  109520
	239  109520
	240  109520
	241  109520
	242  109520
	243  109520
	244  109520
	245  109520
	246  109520
	247  109520
	248  109520
	249  109520
	250  109520
	251  109520
	252  109520
	253  109520
	254  109487
	255  109487
	256  109487
	257  109487
	258  109487
	259  109487
	260  109487
	261  109487
	262  109487
	263  109487
	264  109487
	265  109487
	266  109487
	267  109477
	268  109477
	269  109477
	270  109477
	271  109477
	272  109477
	273  109477
	274  109477
	275  109477
	276  109477
	277  109477
	278  109461
	279  109461
	280  109461
	281  109461
	282  109461
	283  109461
	284  109461
	285  109461
	286  109461
	287  109461
	288  109461
	289  109461
	290  109461
	291  109461
	292  109461
	293  109461
	294  109461
	295  109461
	296  109461
	297  109461
	298  109461
\end{filecontents*}



% **INPUTS** file: d2103, alpha: 0.5, beta: 3, rho: 0.75; median best over 1 trials.
% The best from file is: 80450
\begin{filecontents*}{data14.txt}
	0  115695
	1  115695
	2  115695
	3  115695
	4  115695
	5  115695
	6  115695
	7  115695
	8  115695
	9  115695
	10  115695
	11  115695
	12  115695
	13  115695
	14  115695
	15  115695
	16  115695
	17  115695
	18  115695
	19  115695
	20  115611
	21  115611
	22  115611
	23  115429
	24  115046
	25  115046
	26  115007
	27  114917
	28  114636
	29  114415
	30  114211
	31  114211
	32  114095
	33  114029
	34  114029
	35  114029
	36  114022
	37  114022
	38  114022
	39  114022
	40  114022
	41  114022
	42  114022
	43  114022
	44  114022
	45  114022
	46  114022
	47  114022
	48  114022
	49  114022
	50  114022
	51  114022
	52  114022
	53  114022
	54  114022
	55  114022
	56  114022
	57  114022
	58  114022
	59  114022
	60  114022
	61  114022
	62  114022
	63  114022
	64  114022
	65  114022
	66  114022
	67  114022
	68  114022
	69  114022
	70  114022
	71  114022
	72  114022
	73  114022
	74  114022
	75  114022
	76  114022
	77  113993
	78  113993
	79  113926
	80  113926
	81  113926
	82  113926
	83  113926
	84  113926
	85  113926
	86  113926
	87  113926
	88  113926
	89  113926
	90  113926
	91  113926
	92  113926
	93  113926
	94  113926
	95  113926
	96  113926
	97  113926
	98  113926
	99  113926
	100  113926
	101  113926
	102  113926
	103  113926
	104  113926
	105  113926
	106  113926
	107  113926
	108  113926
	109  113926
	110  113926
	111  113926
	112  113926
	113  113926
	114  113926
	115  113926
	116  113926
	117  113926
	118  113926
	119  113926
	120  113926
	121  113926
	122  113926
	123  113926
	124  113926
	125  113926
	126  113926
	127  113926
	128  113926
	129  113926
	130  113926
	131  113926
	132  113926
	133  113926
	134  113926
	135  113926
	136  113926
	137  113926
	138  113926
	139  113926
	140  113926
	141  113926
	142  113926
	143  113926
	144  113926
	145  113926
	146  113926
	147  113926
	148  113926
	149  113926
	150  113926
	151  113926
	152  113926
	153  113926
	154  113926
	155  113926
	156  113926
	157  113926
	158  113926
	159  113926
	160  113926
	161  113926
	162  113926
	163  113926
	164  113926
	165  113926
	166  113926
	167  113926
	168  113926
	169  113926
	170  113926
	171  113926
	172  113926
	173  113806
	174  113806
	175  113806
	176  113806
	177  113806
	178  113806
	179  113806
	180  113806
	181  113806
	182  113806
	183  113806
	184  113806
	185  113806
	186  113806
	187  113806
	188  113806
	189  113806
	190  113806
	191  113806
	192  113358
	193  113358
	194  113358
	195  113358
	196  113358
	197  113358
	198  113358
	199  113358
	200  113358
	201  113358
	202  113358
	203  113358
	204  113358
	205  113358
	206  113358
	207  113358
	208  113358
	209  113358
	210  113358
	211  113358
	212  113358
	213  113358
	214  113358
	215  113358
	216  113358
	217  113358
	218  113358
	219  113358
	220  113358
	221  113358
	222  113358
	223  113358
	224  113358
	225  113358
	226  113358
	227  113358
	228  113358
	229  113358
	230  113358
	231  113358
	232  113358
	233  113358
	234  113358
	235  113358
	236  113358
	237  113358
	238  113358
	239  113358
	240  113358
	241  113358
	242  113358
	243  113358
	244  113358
	245  113358
	246  113358
	247  113358
	248  113358
	249  113358
	250  113358
	251  113358
	252  113358
	253  113358
	254  113358
	255  113358
	256  113358
	257  113358
	258  113358
	259  113358
	260  113358
	261  113358
	262  113358
	263  113358
	264  113358
	265  113358
	266  113358
	267  113358
	268  113358
	269  113358
	270  113358
	271  113358
	272  113358
	273  113358
	274  113358
	275  113358
	276  113358
	277  113358
	278  113358
	279  113358
	280  113358
	281  113358
	282  113358
	283  113358
	284  113358
	285  113358
	286  113358
	287  113358
	288  113358
	289  113358
	290  113358
	291  113358
	292  113358
	293  113358
	294  113358
	295  113358
	296  113358
	297  113358
	298  113358
\end{filecontents*}



% **INPUTS** file: d2103, alpha: 0.5, beta: 4, rho: 0.01; median best over 1 trials.
% The best from file is: 80450
\begin{filecontents*}{data15.txt}
	0  104935
	1  104935
	2  104935
	3  104935
	4  104935
	5  104935
	6  104935
	7  104935
	8  104935
	9  104935
	10  104935
	11  104935
	12  104935
	13  104935
	14  104935
	15  104935
	16  104935
	17  104935
	18  104935
	19  104935
	20  104935
	21  104935
	22  104935
	23  104935
	24  104935
	25  104935
	26  104935
	27  104935
	28  104935
	29  104935
	30  104935
	31  104935
	32  104935
	33  104935
	34  104935
	35  104935
	36  104935
	37  104935
	38  104935
	39  104935
	40  104935
	41  104935
	42  104935
	43  104935
	44  104935
	45  104935
	46  104935
	47  104935
	48  104935
	49  104935
	50  104935
	51  104935
	52  104935
	53  104935
	54  104935
	55  104935
	56  104935
	57  104935
	58  104935
	59  104935
	60  104935
	61  104935
	62  104935
	63  104935
	64  104935
	65  104935
	66  104935
	67  104935
	68  104935
	69  104935
	70  104935
	71  104935
	72  104935
	73  104935
	74  104935
	75  104935
	76  104935
	77  104935
	78  104935
	79  104935
	80  104935
	81  104935
	82  104935
	83  104935
	84  104935
	85  104935
	86  104935
	87  104935
	88  104935
	89  104935
	90  104935
	91  104935
	92  104935
	93  104935
	94  104935
	95  104935
	96  104935
	97  104935
	98  104935
	99  104935
	100  104935
	101  104935
	102  104935
	103  104935
	104  104935
	105  104935
	106  104935
	107  104935
	108  104935
	109  104935
	110  104935
	111  104935
	112  104935
	113  104935
	114  104935
	115  104935
	116  104935
	117  104935
	118  104935
	119  104935
	120  104935
	121  104935
	122  104935
	123  104935
	124  104935
	125  104935
	126  104935
	127  104935
	128  104935
	129  104935
	130  104935
	131  104935
	132  104935
	133  104935
	134  104935
	135  104935
	136  104935
	137  104935
	138  104935
	139  104935
	140  104935
	141  104935
	142  104935
	143  104935
	144  104935
	145  104935
	146  104935
	147  104935
	148  104935
	149  104935
	150  104935
	151  104935
	152  104935
	153  104935
	154  104935
	155  104935
	156  104935
	157  104935
	158  104935
	159  104935
	160  104935
	161  104935
	162  104935
	163  104935
	164  104935
	165  104935
	166  104935
	167  104935
	168  104935
	169  104935
	170  104935
	171  104935
	172  104935
	173  104935
	174  104935
	175  104935
	176  104935
	177  104935
	178  104935
	179  104935
	180  104935
	181  104935
	182  104935
	183  104935
	184  104935
	185  104935
	186  104935
	187  104935
	188  104935
	189  104935
	190  104935
	191  104935
	192  104935
	193  104935
	194  104935
	195  104935
	196  104935
	197  104935
	198  104935
	199  104935
	200  104935
	201  104935
	202  104935
	203  104935
	204  104935
	205  104935
	206  104935
	207  104935
	208  104935
	209  104935
	210  104935
	211  104935
	212  104935
	213  104935
	214  104935
	215  104935
	216  104935
	217  104935
	218  104935
	219  104935
	220  104935
	221  104935
	222  104935
	223  104935
	224  104935
	225  104935
	226  104935
	227  104935
	228  104935
	229  104935
	230  104935
	231  104935
	232  104935
	233  104935
	234  104935
	235  104935
	236  104935
	237  104935
	238  104935
	239  104935
	240  104935
	241  104935
	242  104935
	243  104935
	244  104935
	245  104935
	246  104935
	247  104935
	248  104935
	249  104935
	250  104935
	251  104935
	252  104935
	253  104935
	254  104935
	255  104935
	256  104935
	257  104935
	258  104935
	259  104935
	260  104935
	261  104935
	262  104935
	263  104935
	264  104935
	265  104935
	266  104935
	267  104935
	268  104935
	269  104935
	270  104935
	271  104935
	272  104935
	273  104935
	274  104935
	275  104935
	276  104935
	277  104935
	278  104935
	279  104935
	280  104935
	281  104935
	282  104935
	283  104935
	284  104935
	285  104935
	286  104935
	287  104935
	288  104935
	289  104935
	290  104935
	291  104935
	292  104935
	293  104935
	294  104935
	295  104935
	296  104935
	297  104935
	298  104935
\end{filecontents*}



% **INPUTS** file: d2103, alpha: 0.5, beta: 4, rho: 0.1; median best over 1 trials.
% The best from file is: 80450
\begin{filecontents*}{data16.txt}
	0  103265
	1  103265
	2  103265
	3  103265
	4  103265
	5  103265
	6  103265
	7  103265
	8  103265
	9  103265
	10  103265
	11  103265
	12  103265
	13  103265
	14  103265
	15  103265
	16  103265
	17  103265
	18  103265
	19  103265
	20  103265
	21  103265
	22  103265
	23  103265
	24  103265
	25  103265
	26  103265
	27  103265
	28  103265
	29  103265
	30  103265
	31  103265
	32  103265
	33  103265
	34  103265
	35  103265
	36  103265
	37  103265
	38  103265
	39  103265
	40  103265
	41  103265
	42  103265
	43  103265
	44  103265
	45  103265
	46  103265
	47  103265
	48  103265
	49  103265
	50  103265
	51  103265
	52  103265
	53  103265
	54  103265
	55  103265
	56  103265
	57  103265
	58  103265
	59  103265
	60  103265
	61  103265
	62  103265
	63  103265
	64  103265
	65  103265
	66  103265
	67  103265
	68  103265
	69  103265
	70  103265
	71  103265
	72  103265
	73  103265
	74  103265
	75  103265
	76  103265
	77  103265
	78  103265
	79  103265
	80  103265
	81  103265
	82  103265
	83  103265
	84  103265
	85  103265
	86  103265
	87  103265
	88  103265
	89  103265
	90  103265
	91  103265
	92  103265
	93  103265
	94  103265
	95  103265
	96  103265
	97  103265
	98  103265
	99  103265
	100  103265
	101  103265
	102  103265
	103  103265
	104  103265
	105  103265
	106  103265
	107  103265
	108  103265
	109  103265
	110  103265
	111  103265
	112  103265
	113  103265
	114  103265
	115  103265
	116  103265
	117  103265
	118  103265
	119  103265
	120  103265
	121  103265
	122  103265
	123  103265
	124  103265
	125  103265
	126  103265
	127  103265
	128  103265
	129  103265
	130  103265
	131  103265
	132  103265
	133  103265
	134  103265
	135  103265
	136  103265
	137  103265
	138  103265
	139  103265
	140  103265
	141  103265
	142  103265
	143  103265
	144  103265
	145  103265
	146  103265
	147  103265
	148  103265
	149  103265
	150  103265
	151  103265
	152  103265
	153  103265
	154  103265
	155  103265
	156  103265
	157  103265
	158  103265
	159  103265
	160  103265
	161  103265
	162  103265
	163  103265
	164  103265
	165  103265
	166  103265
	167  103265
	168  103265
	169  103265
	170  103265
	171  103265
	172  103265
	173  103265
	174  103265
	175  103265
	176  103265
	177  103265
	178  103265
	179  103265
	180  103265
	181  103265
	182  103265
	183  103265
	184  103265
	185  103265
	186  103265
	187  103265
	188  103265
	189  103265
	190  103265
	191  103265
	192  103265
	193  103265
	194  103265
	195  103265
	196  103265
	197  103265
	198  103265
	199  103265
	200  103265
	201  103265
	202  103265
	203  102739
	204  102265
	205  101491
	206  101491
	207  101491
	208  101491
	209  101491
	210  101491
	211  101491
	212  101491
	213  101491
	214  101491
	215  101491
	216  101491
	217  101491
	218  101491
	219  101325
	220  101325
	221  101325
	222  101325
	223  101325
	224  101325
	225  101325
	226  101325
	227  101325
	228  101325
	229  101325
	230  101325
	231  101325
	232  101325
	233  101325
	234  101325
	235  101325
	236  100802
	237  100802
	238  100802
	239  100802
	240  100802
	241  100802
	242  100802
	243  100802
	244  100802
	245  100802
	246  100802
	247  100802
	248  100802
	249  100802
	250  100802
	251  100802
	252  100802
	253  100802
	254  100802
	255  100802
	256  100802
	257  100802
	258  99965.5
	259  99965.5
	260  99965.5
	261  99965.5
	262  99965.5
	263  99965.5
	264  99965.5
	265  99965.5
	266  99965.5
	267  99965.5
	268  99965.5
	269  99965.5
	270  99307.4
	271  99307.4
	272  99307.4
	273  99307.4
	274  99307.4
	275  99307.4
	276  99307.4
	277  99307.4
	278  99307.4
	279  99307.4
	280  99307.4
	281  99307.4
	282  99307.4
	283  99307.4
	284  99307.4
	285  99307.4
	286  99307.4
	287  99307.4
	288  99307.4
	289  99307.4
	290  99307.4
	291  99307.4
	292  99307.4
	293  99307.4
	294  99307.4
	295  99307.4
	296  99307.4
	297  99307.4
	298  99267.5
\end{filecontents*}



% **INPUTS** file: d2103, alpha: 0.5, beta: 4, rho: 0.25; median best over 1 trials.
% The best from file is: 80450
\begin{filecontents*}{data17.txt}
	0  102931
	1  102931
	2  102931
	3  102931
	4  102931
	5  102931
	6  102931
	7  102931
	8  102931
	9  102931
	10  102931
	11  102931
	12  102931
	13  102931
	14  102931
	15  102931
	16  102931
	17  102931
	18  102931
	19  102931
	20  102931
	21  102931
	22  102931
	23  102931
	24  102931
	25  102931
	26  102931
	27  102931
	28  102931
	29  102931
	30  102931
	31  102931
	32  102931
	33  102931
	34  102931
	35  102931
	36  102931
	37  102931
	38  102931
	39  102931
	40  102931
	41  102931
	42  102931
	43  102931
	44  102931
	45  102931
	46  102931
	47  102931
	48  102931
	49  102931
	50  102931
	51  102931
	52  102931
	53  102931
	54  102931
	55  102931
	56  102931
	57  102931
	58  102931
	59  102931
	60  102931
	61  102931
	62  102931
	63  102931
	64  102821
	65  102821
	66  102821
	67  102821
	68  102821
	69  102821
	70  102821
	71  102821
	72  102821
	73  102821
	74  102821
	75  102821
	76  102821
	77  102665
	78  102574
	79  102574
	80  102250
	81  102250
	82  102250
	83  102250
	84  101879
	85  100744
	86  100744
	87  100241
	88  100241
	89  100241
	90  100241
	91  100241
	92  100241
	93  100241
	94  100241
	95  100241
	96  100241
	97  100241
	98  100241
	99  100241
	100  100241
	101  100241
	102  100241
	103  100241
	104  100241
	105  100241
	106  100241
	107  100241
	108  100241
	109  100241
	110  100241
	111  100241
	112  100241
	113  100241
	114  100241
	115  100241
	116  100131
	117  100131
	118  99942.6
	119  99942.6
	120  99942.6
	121  99784.6
	122  99784.6
	123  99784.6
	124  99784.6
	125  99784.6
	126  99784.6
	127  99784.6
	128  99784.6
	129  99784.6
	130  99713.8
	131  99713.8
	132  99713.8
	133  99713.8
	134  99713.8
	135  99713.8
	136  99713.8
	137  99713.8
	138  99713.8
	139  99713.8
	140  98878.4
	141  98878.4
	142  98878.4
	143  98878.4
	144  98878.4
	145  98878.4
	146  98878.4
	147  98878.4
	148  98878.4
	149  98878.4
	150  98878.4
	151  98878.4
	152  98878.4
	153  98878.4
	154  98878.4
	155  98878.4
	156  98878.4
	157  98555.1
	158  98555.1
	159  98555.1
	160  98555.1
	161  98555.1
	162  98555.1
	163  98555.1
	164  98555.1
	165  98555.1
	166  98555.1
	167  98555.1
	168  98555.1
	169  98555.1
	170  98555.1
	171  98555.1
	172  98555.1
	173  98555.1
	174  97751.5
	175  97751.5
	176  97751.5
	177  97751.5
	178  97751.5
	179  97751.5
	180  97751.5
	181  97751.5
	182  97751.5
	183  97751.5
	184  97751.5
	185  97751.5
	186  97751.5
	187  97751.5
	188  97751.5
	189  97751.5
	190  97751.5
	191  97751.5
	192  97751.5
	193  97751.5
	194  97751.5
	195  97751.5
	196  97751.5
	197  97751.5
	198  97751.5
	199  97751.5
	200  97751.5
	201  97751.5
	202  97751.5
	203  97751.5
	204  97751.5
	205  97751.5
	206  97751.5
	207  97751.5
	208  97751.5
	209  97751.5
	210  97751.5
	211  97751.5
	212  97751.5
	213  97751.5
	214  97751.5
	215  97751.5
	216  97751.5
	217  97751.5
	218  97751.5
	219  97751.5
	220  97751.5
	221  97751.5
	222  97751.5
	223  97751.5
	224  97751.5
	225  97751.5
	226  97751.5
	227  97751.5
	228  97751.5
	229  97751.5
	230  97751.5
	231  97751.5
	232  97751.5
	233  97751.5
	234  97751.5
	235  97751.5
	236  97751.5
	237  97751.5
	238  97751.5
	239  97751.5
	240  97751.5
	241  97751.5
	242  97751.5
	243  97751.5
	244  97751.5
	245  97751.5
	246  97751.5
	247  97751.5
	248  97751.5
	249  97751.5
	250  97751.5
	251  97751.5
	252  97751.5
	253  97751.5
	254  97751.5
	255  97751.5
	256  97751.5
	257  97751.5
	258  97751.5
	259  97751.5
	260  97751.5
	261  97751.5
	262  97751.5
	263  97751.5
	264  97751.5
	265  97751.5
	266  97751.5
	267  97751.5
	268  97737.4
	269  97737.4
	270  97737.4
	271  97737.4
	272  97737.4
	273  97737.4
	274  97737.4
	275  97737.4
	276  97737.4
	277  97737.4
	278  97737.4
	279  97737.4
	280  97737.4
	281  97484.5
	282  97484.5
	283  97484.5
	284  97484.5
	285  97484.5
	286  97484.5
	287  97484.5
	288  97484.5
	289  97484.5
	290  97484.5
	291  97484.5
	292  97484.5
	293  97484.5
	294  97484.5
	295  97484.5
	296  97484.5
	297  97484.5
	298  97484.5
\end{filecontents*}



% **INPUTS** file: d2103, alpha: 0.5, beta: 4, rho: 0.5; median best over 1 trials.
% The best from file is: 80450
\begin{filecontents*}{data18.txt}
	0  102733
	1  102733
	2  102733
	3  102733
	4  102733
	5  102733
	6  102733
	7  102733
	8  102733
	9  102733
	10  102733
	11  102733
	12  102733
	13  102733
	14  102733
	15  102733
	16  102733
	17  102733
	18  102733
	19  102733
	20  102733
	21  102733
	22  102733
	23  102733
	24  102733
	25  102733
	26  102733
	27  102733
	28  102733
	29  102733
	30  102733
	31  102733
	32  102733
	33  102733
	34  101758
	35  100742
	36  100742
	37  100742
	38  100742
	39  100742
	40  100742
	41  100742
	42  100742
	43  100742
	44  100742
	45  100742
	46  100742
	47  100742
	48  100742
	49  100742
	50  100742
	51  100742
	52  100742
	53  100742
	54  100742
	55  100742
	56  100742
	57  100742
	58  100742
	59  100742
	60  100742
	61  100742
	62  100742
	63  100742
	64  100742
	65  100742
	66  100742
	67  100742
	68  100742
	69  100742
	70  100742
	71  100742
	72  100638
	73  100638
	74  100602
	75  100602
	76  100602
	77  100522
	78  100522
	79  100522
	80  100522
	81  100522
	82  100522
	83  100440
	84  99921.7
	85  99921.7
	86  99921.7
	87  99921.7
	88  99839.4
	89  99839.4
	90  99839.4
	91  99839.4
	92  99735.7
	93  99735.7
	94  99735.7
	95  99735.7
	96  99735.7
	97  99735.7
	98  99500.5
	99  99453.5
	100  99453.5
	101  99453.5
	102  99453.5
	103  99453.5
	104  99453.5
	105  99327.6
	106  99083.4
	107  99083.4
	108  99083.4
	109  99080.4
	110  99066.5
	111  99066.5
	112  99066.5
	113  99066.5
	114  99066.5
	115  98977.9
	116  98977.9
	117  98977.9
	118  98977.9
	119  98977.9
	120  98851.8
	121  98851.8
	122  98851.8
	123  98851.8
	124  98851.8
	125  98851.8
	126  98851.8
	127  98851.8
	128  98779.6
	129  98779.6
	130  98779.6
	131  98779.6
	132  98779.6
	133  98690
	134  98690
	135  98690
	136  98690
	137  98589.8
	138  98589.8
	139  98589.8
	140  98589.8
	141  98589.8
	142  98589.8
	143  98457.7
	144  98457.7
	145  98457.7
	146  98457.7
	147  98457.7
	148  98457.7
	149  98457.7
	150  98457.7
	151  98457.7
	152  98411.7
	153  98319.9
	154  98319.9
	155  98319.9
	156  98319.9
	157  97842.4
	158  97842.4
	159  97842.4
	160  97842.4
	161  97842.4
	162  97842.4
	163  97842.4
	164  97643.2
	165  97643.2
	166  97643.2
	167  96936.8
	168  96936.8
	169  96936.8
	170  96936.8
	171  96936.8
	172  96936.8
	173  96936.8
	174  96936.8
	175  96936.8
	176  96936.8
	177  96936.8
	178  96936.8
	179  96936.8
	180  96936.8
	181  96936.8
	182  96936.8
	183  96936.8
	184  96936.8
	185  96936.8
	186  96936.8
	187  96936.8
	188  96936.8
	189  96936.8
	190  96936.8
	191  96936.8
	192  96936.8
	193  96936.8
	194  96936.8
	195  96936.8
	196  96936.8
	197  96936.8
	198  96936.8
	199  96936.8
	200  96936.8
	201  96936.8
	202  96936.8
	203  96936.8
	204  96936.8
	205  96936.8
	206  96936.8
	207  96936.8
	208  96936.8
	209  96936.8
	210  96936.8
	211  96936.8
	212  96936.8
	213  96936.8
	214  96936.8
	215  96936.8
	216  96936.8
	217  96936.8
	218  96936.8
	219  96936.8
	220  96936.8
	221  96936.8
	222  96936.8
	223  96936.8
	224  96936.8
	225  96936.8
	226  96936.8
	227  96936.8
	228  96936.8
	229  96936.8
	230  96936.8
	231  96936.8
	232  96936.8
	233  96936.8
	234  96936.8
	235  96936.8
	236  96936.8
	237  96936.8
	238  96936.8
	239  96936.8
	240  96936.8
	241  96936.8
	242  96936.8
	243  96936.8
	244  96936.8
	245  96936.8
	246  96936.8
	247  96936.8
	248  96936.8
	249  96936.8
	250  96936.8
	251  96936.8
	252  96936.8
	253  96936.8
	254  96936.8
	255  96882.6
	256  96882.6
	257  96882.6
	258  96882.6
	259  96882.6
	260  96882.6
	261  96882.6
	262  96882.6
	263  96882.6
	264  96882.6
	265  96882.6
	266  96882.6
	267  96882.6
	268  96882.6
	269  96882.6
	270  96882.6
	271  96882.6
	272  96882.6
	273  96882.6
	274  96882.6
	275  96882.6
	276  96882.6
	277  96882.6
	278  96882.6
	279  96882.6
	280  96882.6
	281  96882.6
	282  96882.6
	283  96882.6
	284  96882.6
	285  96882.6
	286  96882.6
	287  96882.6
	288  96882.6
	289  96882.6
	290  96882.6
	291  96882.6
	292  96882.6
	293  96882.6
	294  96882.6
	295  96882.6
	296  96867.1
	297  96867.1
	298  96867.1
\end{filecontents*}



% **INPUTS** file: d2103, alpha: 0.5, beta: 4, rho: 0.75; median best over 1 trials.
% The best from file is: 80450
\begin{filecontents*}{data19.txt}
	0  102418
	1  102418
	2  102418
	3  102418
	4  102418
	5  102418
	6  102418
	7  102418
	8  102418
	9  102418
	10  102418
	11  102418
	12  102418
	13  102418
	14  102418
	15  102418
	16  102418
	17  102418
	18  102418
	19  102418
	20  102418
	21  102418
	22  102418
	23  102418
	24  102418
	25  102400
	26  102400
	27  102400
	28  102400
	29  102347
	30  102301
	31  102301
	32  102301
	33  102301
	34  101393
	35  101393
	36  101393
	37  101393
	38  101393
	39  101393
	40  101376
	41  101376
	42  101376
	43  101376
	44  101376
	45  101376
	46  101376
	47  101376
	48  101376
	49  101376
	50  101376
	51  101376
	52  101151
	53  101151
	54  101151
	55  101151
	56  101151
	57  100961
	58  100961
	59  100823
	60  100823
	61  100823
	62  100823
	63  100823
	64  100823
	65  100823
	66  100823
	67  100823
	68  100823
	69  100823
	70  100823
	71  100823
	72  100823
	73  100823
	74  100823
	75  100823
	76  100823
	77  100823
	78  100823
	79  100722
	80  100722
	81  100722
	82  100722
	83  100722
	84  100722
	85  100722
	86  100722
	87  100722
	88  100722
	89  100722
	90  100722
	91  100722
	92  100722
	93  100722
	94  100722
	95  100722
	96  100722
	97  100722
	98  100722
	99  100722
	100  100722
	101  100722
	102  100722
	103  100722
	104  100722
	105  100722
	106  100722
	107  100722
	108  100722
	109  100722
	110  100722
	111  100722
	112  100722
	113  100722
	114  100722
	115  100722
	116  100722
	117  100722
	118  100722
	119  100722
	120  100722
	121  100722
	122  100722
	123  100722
	124  100722
	125  100722
	126  100722
	127  100722
	128  100722
	129  100722
	130  100722
	131  100722
	132  100722
	133  100722
	134  100722
	135  100722
	136  100722
	137  100722
	138  100722
	139  100722
	140  100722
	141  100722
	142  100722
	143  100722
	144  100722
	145  100722
	146  100722
	147  100722
	148  100722
	149  100722
	150  100722
	151  100722
	152  100722
	153  100722
	154  100722
	155  100722
	156  100722
	157  100722
	158  100722
	159  100722
	160  100722
	161  100722
	162  100722
	163  100722
	164  100722
	165  100722
	166  100722
	167  100722
	168  100722
	169  100722
	170  100722
	171  100722
	172  100722
	173  100722
	174  100722
	175  100722
	176  100722
	177  100722
	178  100722
	179  100722
	180  100722
	181  100722
	182  100722
	183  100722
	184  100722
	185  100722
	186  100722
	187  100722
	188  100722
	189  100722
	190  100722
	191  100722
	192  100722
	193  100722
	194  100722
	195  100722
	196  100722
	197  100722
	198  100722
	199  100722
	200  100722
	201  100722
	202  100722
	203  100722
	204  100722
	205  100722
	206  100722
	207  100722
	208  100722
	209  100722
	210  100722
	211  100722
	212  100722
	213  100722
	214  100722
	215  100722
	216  100722
	217  100722
	218  100722
	219  100722
	220  100722
	221  100722
	222  100722
	223  100722
	224  100722
	225  100722
	226  100722
	227  100722
	228  100722
	229  100722
	230  100722
	231  100722
	232  100722
	233  100722
	234  100722
	235  100722
	236  100722
	237  100722
	238  100722
	239  100722
	240  100722
	241  100722
	242  100722
	243  100722
	244  100722
	245  100722
	246  100722
	247  100722
	248  100722
	249  100722
	250  100722
	251  100722
	252  100722
	253  100722
	254  100722
	255  100722
	256  100722
	257  100722
	258  100722
	259  100722
	260  100722
	261  100722
	262  100722
	263  100722
	264  100722
	265  100722
	266  100722
	267  100722
	268  100722
	269  100722
	270  100722
	271  100722
	272  100722
	273  100722
	274  100722
	275  100722
	276  100722
	277  100722
	278  100722
	279  100722
	280  100722
	281  100722
	282  100722
	283  100722
	284  100722
	285  100722
	286  100722
	287  100722
	288  100722
	289  100722
	290  100722
	291  100722
	292  100722
	293  100722
	294  100722
	295  100722
	296  100722
	297  100722
	298  100722
\end{filecontents*}



% **INPUTS** file: d2103, alpha: 0.5, beta: 5, rho: 0.01; median best over 1 trials.
% The best from file is: 80450
\begin{filecontents*}{data20.txt}
	0  99846.2
	1  99846.2
	2  99846.2
	3  99846.2
	4  99846.2
	5  99846.2
	6  99846.2
	7  99846.2
	8  99846.2
	9  99846.2
	10  99846.2
	11  99846.2
	12  99846.2
	13  99846.2
	14  99846.2
	15  99846.2
	16  99846.2
	17  99846.2
	18  99846.2
	19  99846.2
	20  99846.2
	21  99846.2
	22  99846.2
	23  99846.2
	24  99846.2
	25  99846.2
	26  99846.2
	27  99846.2
	28  99846.2
	29  99846.2
	30  99846.2
	31  99846.2
	32  99846.2
	33  99846.2
	34  99846.2
	35  99846.2
	36  99846.2
	37  99846.2
	38  99846.2
	39  99846.2
	40  99846.2
	41  99846.2
	42  99846.2
	43  99846.2
	44  99846.2
	45  99846.2
	46  99846.2
	47  99846.2
	48  99846.2
	49  99846.2
	50  99846.2
	51  99846.2
	52  99846.2
	53  99846.2
	54  99846.2
	55  99846.2
	56  99846.2
	57  99846.2
	58  99846.2
	59  99846.2
	60  99846.2
	61  99846.2
	62  99846.2
	63  99846.2
	64  99846.2
	65  99846.2
	66  99846.2
	67  99846.2
	68  99846.2
	69  99846.2
	70  99846.2
	71  99846.2
	72  99846.2
	73  99846.2
	74  99846.2
	75  99846.2
	76  99846.2
	77  99846.2
	78  99846.2
	79  99846.2
	80  99846.2
	81  99846.2
	82  99846.2
	83  99846.2
	84  99846.2
	85  99846.2
	86  99846.2
	87  99846.2
	88  99846.2
	89  99846.2
	90  99846.2
	91  99846.2
	92  99846.2
	93  99846.2
	94  99846.2
	95  99846.2
	96  99846.2
	97  99846.2
	98  99846.2
	99  99846.2
	100  99846.2
	101  99846.2
	102  99846.2
	103  99846.2
	104  99846.2
	105  99846.2
	106  99846.2
	107  99846.2
	108  99846.2
	109  99846.2
	110  99846.2
	111  99846.2
	112  99846.2
	113  99846.2
	114  99846.2
	115  99846.2
	116  99846.2
	117  99846.2
	118  99846.2
	119  99846.2
	120  99846.2
	121  99846.2
	122  99846.2
	123  99846.2
	124  99846.2
	125  99846.2
	126  99846.2
	127  99846.2
	128  99846.2
	129  99846.2
	130  99846.2
	131  99846.2
	132  99846.2
	133  99846.2
	134  99846.2
	135  99846.2
	136  99846.2
	137  99846.2
	138  99846.2
	139  99846.2
	140  99846.2
	141  99846.2
	142  99846.2
	143  99846.2
	144  99846.2
	145  99846.2
	146  99846.2
	147  99846.2
	148  99846.2
	149  99846.2
	150  99846.2
	151  99846.2
	152  99846.2
	153  99846.2
	154  99846.2
	155  99846.2
	156  99846.2
	157  99846.2
	158  99846.2
	159  99846.2
	160  99846.2
	161  99846.2
	162  99846.2
	163  99846.2
	164  99846.2
	165  99846.2
	166  99846.2
	167  99846.2
	168  99846.2
	169  99846.2
	170  99846.2
	171  99846.2
	172  99846.2
	173  99846.2
	174  99846.2
	175  99846.2
	176  99846.2
	177  99846.2
	178  99846.2
	179  99846.2
	180  99846.2
	181  99846.2
	182  99846.2
	183  99846.2
	184  99846.2
	185  99846.2
	186  99846.2
	187  99846.2
	188  99846.2
	189  99846.2
	190  99846.2
	191  99846.2
	192  99846.2
	193  99846.2
	194  99846.2
	195  99846.2
	196  99846.2
	197  99846.2
	198  99846.2
	199  99846.2
	200  99846.2
	201  99846.2
	202  99846.2
	203  99846.2
	204  99846.2
	205  99846.2
	206  99846.2
	207  99846.2
	208  99846.2
	209  99846.2
	210  99846.2
	211  99846.2
	212  99846.2
	213  99846.2
	214  99846.2
	215  99846.2
	216  99846.2
	217  99846.2
	218  99846.2
	219  99846.2
	220  99846.2
	221  99846.2
	222  99846.2
	223  99846.2
	224  99846.2
	225  99846.2
	226  99846.2
	227  99846.2
	228  99846.2
	229  99846.2
	230  99846.2
	231  99846.2
	232  99846.2
	233  99846.2
	234  99846.2
	235  99846.2
	236  99846.2
	237  99846.2
	238  99846.2
	239  99846.2
	240  99846.2
	241  99846.2
	242  99846.2
	243  99846.2
	244  99846.2
	245  99846.2
	246  99846.2
	247  99846.2
	248  99846.2
	249  99846.2
	250  99846.2
	251  99846.2
	252  99846.2
	253  99846.2
	254  99846.2
	255  99846.2
	256  99846.2
	257  99846.2
	258  99846.2
	259  99846.2
	260  99846.2
	261  99846.2
	262  99846.2
	263  99846.2
	264  99846.2
	265  99846.2
	266  99846.2
	267  99846.2
	268  99846.2
	269  99846.2
	270  99846.2
	271  99846.2
	272  99846.2
	273  99846.2
	274  99846.2
	275  99846.2
	276  99846.2
	277  99846.2
	278  99846.2
	279  99846.2
	280  99846.2
	281  99846.2
	282  99846.2
	283  99846.2
	284  99846.2
	285  99846.2
	286  99846.2
	287  99846.2
	288  99846.2
	289  99846.2
	290  99846.2
	291  99846.2
	292  99846.2
	293  99846.2
	294  99846.2
	295  99846.2
	296  99846.2
	297  99846.2
	298  99846.2
\end{filecontents*}



% **INPUTS** file: d2103, alpha: 0.5, beta: 5, rho: 0.1; median best over 1 trials.
% The best from file is: 80450
\begin{filecontents*}{data21.txt}
	0  97821.5
	1  97821.5
	2  97821.5
	3  97821.5
	4  97821.5
	5  97821.5
	6  97821.5
	7  97821.5
	8  97821.5
	9  97821.5
	10  97821.5
	11  97821.5
	12  97821.5
	13  97821.5
	14  97821.5
	15  97821.5
	16  97821.5
	17  97821.5
	18  97821.5
	19  97821.5
	20  97821.5
	21  97821.5
	22  97821.5
	23  97821.5
	24  97821.5
	25  97821.5
	26  97821.5
	27  97821.5
	28  97821.5
	29  97821.5
	30  97821.5
	31  97821.5
	32  97821.5
	33  97821.5
	34  97821.5
	35  97821.5
	36  97821.5
	37  97821.5
	38  97821.5
	39  97821.5
	40  97821.5
	41  97821.5
	42  97821.5
	43  97821.5
	44  97821.5
	45  97821.5
	46  97821.5
	47  97821.5
	48  97821.5
	49  97821.5
	50  97821.5
	51  97821.5
	52  97821.5
	53  97821.5
	54  97821.5
	55  97821.5
	56  97821.5
	57  97821.5
	58  97821.5
	59  97821.5
	60  97821.5
	61  97821.5
	62  97821.5
	63  97821.5
	64  97821.5
	65  97821.5
	66  97821.5
	67  97821.5
	68  97821.5
	69  97821.5
	70  97821.5
	71  97821.5
	72  97821.5
	73  97821.5
	74  97821.5
	75  97821.5
	76  97821.5
	77  97821.5
	78  97821.5
	79  97821.5
	80  97821.5
	81  97821.5
	82  97821.5
	83  97821.5
	84  97821.5
	85  97821.5
	86  97821.5
	87  97821.5
	88  97821.5
	89  97821.5
	90  97821.5
	91  97821.5
	92  97821.5
	93  97821.5
	94  97821.5
	95  97821.5
	96  97821.5
	97  97821.5
	98  97821.5
	99  97821.5
	100  97821.5
	101  97821.5
	102  97821.5
	103  97821.5
	104  97821.5
	105  97821.5
	106  97821.5
	107  97821.5
	108  97821.5
	109  97821.5
	110  97821.5
	111  97821.5
	112  97821.5
	113  97821.5
	114  97821.5
	115  97821.5
	116  97821.5
	117  97821.5
	118  97821.5
	119  97821.5
	120  97821.5
	121  97821.5
	122  97821.5
	123  97821.5
	124  97821.5
	125  97821.5
	126  97821.5
	127  97821.5
	128  97821.5
	129  97821.5
	130  97821.5
	131  97821.5
	132  97821.5
	133  97821.5
	134  97821.5
	135  97821.5
	136  97821.5
	137  97821.5
	138  97821.5
	139  97821.5
	140  97046.3
	141  97046.3
	142  97046.3
	143  97046.3
	144  97046.3
	145  97046.3
	146  97046.3
	147  97046.3
	148  97046.3
	149  97046.3
	150  97046.3
	151  97046.3
	152  97046.3
	153  97046.3
	154  97046.3
	155  97046.3
	156  97046.3
	157  97046.3
	158  97046.3
	159  97046.3
	160  97046.3
	161  97046.3
	162  97046.3
	163  97046.3
	164  97046.3
	165  97046.3
	166  97046.3
	167  97046.3
	168  97046.3
	169  97046.3
	170  97046.3
	171  97046.3
	172  97046.3
	173  97046.3
	174  97046.3
	175  97046.3
	176  97046.3
	177  97046.3
	178  97046.3
	179  97046.3
	180  97046.3
	181  97046.3
	182  97046.3
	183  97046.3
	184  97046.3
	185  97046.3
	186  97046.3
	187  97046.3
	188  96215.6
	189  96215.6
	190  95672.9
	191  95672.9
	192  95672.9
	193  95672.9
	194  95672.9
	195  95672.9
	196  95638.4
	197  95638.4
	198  95410
	199  95410
	200  95410
	201  94971.7
	202  94971.7
	203  94971.7
	204  94971.7
	205  94971.7
	206  94971.7
	207  94971.7
	208  94971.7
	209  94971.7
	210  94971.7
	211  94971.7
	212  94971.7
	213  94971.7
	214  94971.7
	215  94971.7
	216  94971.7
	217  94971.7
	218  94971.7
	219  94971.7
	220  94971.7
	221  94971.7
	222  94971.7
	223  94971.7
	224  94971.7
	225  94223.4
	226  94223.4
	227  94135
	228  94135
	229  94135
	230  94135
	231  94135
	232  94135
	233  94135
	234  93964.9
	235  93964.9
	236  93964.9
	237  93964.9
	238  93747.9
	239  93653
	240  93653
	241  93653
	242  93653
	243  93653
	244  93653
	245  93653
	246  93653
	247  93653
	248  93653
	249  93653
	250  93653
	251  93653
	252  93653
	253  93653
	254  93588.5
	255  93588.5
	256  93588.5
	257  93588.5
	258  93588.5
	259  93588.5
	260  93472.4
	261  93472.4
	262  93472.4
	263  93472.4
	264  93472.4
	265  93392.5
	266  93279.8
	267  93279.8
	268  93279.8
	269  93279.8
	270  93279.8
	271  93279.8
	272  93279.8
	273  93279.8
	274  93279.8
	275  93279.8
	276  93279.8
	277  93279.8
	278  93279.8
	279  93279.8
	280  93279.8
	281  93279.8
	282  93279.8
	283  93279.8
	284  93279.8
	285  93223.7
	286  93223.7
	287  93223.7
	288  93223.7
	289  93223.7
	290  93223.7
	291  93187.8
	292  93187.8
	293  93187.8
	294  93187.8
	295  93187.8
	296  93187.8
	297  93187.8
	298  93187.8
\end{filecontents*}



% **INPUTS** file: d2103, alpha: 0.5, beta: 5, rho: 0.25; median best over 1 trials.
% The best from file is: 80450
\begin{filecontents*}{data22.txt}
	0  100731
	1  100731
	2  100731
	3  100731
	4  100731
	5  100731
	6  100731
	7  100731
	8  100731
	9  100731
	10  100731
	11  100731
	12  100731
	13  100731
	14  100731
	15  100731
	16  100731
	17  100731
	18  100731
	19  100731
	20  100731
	21  100731
	22  100731
	23  100731
	24  100731
	25  100731
	26  100731
	27  100731
	28  100731
	29  100731
	30  100731
	31  100731
	32  100731
	33  100731
	34  100731
	35  100731
	36  100731
	37  100731
	38  100731
	39  100731
	40  100731
	41  100731
	42  100731
	43  100731
	44  100731
	45  100731
	46  100731
	47  100731
	48  100731
	49  100731
	50  100731
	51  100731
	52  100731
	53  100731
	54  100731
	55  100731
	56  100731
	57  100290
	58  98362.3
	59  97763.1
	60  97763.1
	61  97763.1
	62  97763.1
	63  97511.6
	64  97511.6
	65  97511.6
	66  97511.6
	67  97511.6
	68  97511.6
	69  97511.6
	70  97511.6
	71  97511.6
	72  97511.6
	73  97511.6
	74  97511.6
	75  97511.6
	76  97511.6
	77  97511.6
	78  97511.6
	79  97511.6
	80  97511.6
	81  97511.6
	82  97511.6
	83  97511.6
	84  97511.6
	85  96926.8
	86  96926.8
	87  96926.8
	88  96926.8
	89  96926.8
	90  96926.8
	91  96926.8
	92  96926.8
	93  96926.8
	94  96926.8
	95  96926.8
	96  96926.8
	97  96926.8
	98  96926.8
	99  96926.8
	100  96926.8
	101  96926.8
	102  96926.8
	103  96926.8
	104  96926.8
	105  96926.8
	106  96926.8
	107  96926.8
	108  96926.8
	109  96926.8
	110  96926.8
	111  96926.8
	112  96926.8
	113  96699.9
	114  96699.9
	115  96699.9
	116  96699.9
	117  96699.9
	118  96699.9
	119  96699.9
	120  96699.9
	121  96699.9
	122  96699.9
	123  96699.9
	124  96699.9
	125  96699.9
	126  96699.9
	127  96699.9
	128  96699.9
	129  96699.9
	130  96699.9
	131  96699.9
	132  96699.9
	133  96699.9
	134  96699.9
	135  96699.9
	136  96699.9
	137  96699.9
	138  96699.9
	139  96699.9
	140  96699.9
	141  96699.9
	142  96699.9
	143  96699.9
	144  96699.9
	145  96699.9
	146  96699.9
	147  96699.9
	148  96699.9
	149  96699.9
	150  96699.9
	151  96699.9
	152  96699.9
	153  96699.9
	154  96699.9
	155  96699.9
	156  96699.9
	157  96699.9
	158  96699.9
	159  96699.9
	160  95910.3
	161  95910.3
	162  95910.3
	163  95910.3
	164  95868.4
	165  95868.4
	166  95868.4
	167  95868.4
	168  95868.4
	169  95805.5
	170  95805.5
	171  95805.5
	172  95805.5
	173  95146.3
	174  95146.3
	175  95146.3
	176  95146.3
	177  94961.3
	178  94961.3
	179  94961.3
	180  94930.9
	181  94930.9
	182  94930.9
	183  94864.9
	184  94864.9
	185  94864.9
	186  94864.9
	187  94864.9
	188  94864.9
	189  94864.9
	190  94864.9
	191  94806.9
	192  94481
	193  94481
	194  94481
	195  94481
	196  94286.6
	197  94286.6
	198  94286.6
	199  94075
	200  94075
	201  94075
	202  94075
	203  94075
	204  94075
	205  94075
	206  94075
	207  94075
	208  94075
	209  94075
	210  94075
	211  94075
	212  94075
	213  94075
	214  94075
	215  94075
	216  94075
	217  94075
	218  94075
	219  94075
	220  94075
	221  94075
	222  94075
	223  94075
	224  94075
	225  94075
	226  94075
	227  94075
	228  94075
	229  94075
	230  94075
	231  94075
	232  94075
	233  94075
	234  94075
	235  94075
	236  94075
	237  94075
	238  94075
	239  93935.5
	240  93935.5
	241  93935.5
	242  93935.5
	243  93935.5
	244  93935.5
	245  93935.5
	246  93935.5
	247  93935.5
	248  93935.5
	249  93935.5
	250  93935.5
	251  93935.5
	252  93935.5
	253  93935.5
	254  93935.5
	255  93935.5
	256  93935.5
	257  93935.5
	258  93935.5
	259  93935.5
	260  93935.5
	261  93935.5
	262  93935.5
	263  93935.5
	264  93935.5
	265  93935.5
	266  93935.5
	267  93935.5
	268  93935.5
	269  93935.5
	270  93935.5
	271  93935.5
	272  93935.5
	273  93819.8
	274  93819.8
	275  93372.9
	276  93372.9
	277  93372.9
	278  93372.9
	279  93346.2
	280  93346.2
	281  93198.8
	282  93198.8
	283  93198.8
	284  93198.8
	285  93198.8
	286  93198.8
	287  93198.8
	288  93198.8
	289  93198.8
	290  93198.8
	291  93123.4
	292  92789
	293  92789
	294  92789
	295  92789
	296  92643.9
	297  92643.9
	298  92643.9
\end{filecontents*}



% **INPUTS** file: d2103, alpha: 0.5, beta: 5, rho: 0.5; median best over 1 trials.
% The best from file is: 80450
\begin{filecontents*}{data23.txt}
	0  99108.7
	1  99108.7
	2  99108.7
	3  99108.7
	4  99108.7
	5  99108.7
	6  99108.7
	7  99108.7
	8  99108.7
	9  99108.7
	10  99108.7
	11  99108.7
	12  99108.7
	13  99108.7
	14  99108.7
	15  99108.7
	16  99108.7
	17  99108.7
	18  99108.7
	19  99108.7
	20  99108.7
	21  99108.7
	22  99108.7
	23  99108.7
	24  99108.7
	25  99108.7
	26  99108.7
	27  99108.7
	28  99108.7
	29  99108.7
	30  98829.3
	31  98829.3
	32  98829.3
	33  98829.3
	34  98300.7
	35  98300.7
	36  97089.7
	37  97089.7
	38  97089.7
	39  97089.7
	40  97089.7
	41  96376.2
	42  96376.2
	43  96376.2
	44  95982.2
	45  95982.2
	46  95982.2
	47  95982.2
	48  95810.3
	49  95810.3
	50  95810.3
	51  95810.3
	52  95810.3
	53  95810.3
	54  95810.3
	55  95300.7
	56  95300.7
	57  95300.7
	58  95300.7
	59  95300.7
	60  95300.7
	61  95300.7
	62  95300.7
	63  95300.7
	64  95300.7
	65  95300.7
	66  95300.7
	67  95300.7
	68  95243.9
	69  95021.9
	70  95021.9
	71  94996
	72  94996
	73  94996
	74  94983
	75  94983
	76  94983
	77  94983
	78  94983
	79  94983
	80  94983
	81  94983
	82  94983
	83  94983
	84  94983
	85  94983
	86  94983
	87  94877.1
	88  94877.1
	89  94877.1
	90  94877.1
	91  94877.1
	92  94877.1
	93  94877.1
	94  94877.1
	95  94877.1
	96  94877.1
	97  94877.1
	98  94877.1
	99  94877.1
	100  94877.1
	101  94877.1
	102  94583.9
	103  94539.4
	104  94539.4
	105  94539.4
	106  94539.4
	107  94539.4
	108  94539.4
	109  94539.4
	110  94401.6
	111  93610.9
	112  93610.9
	113  93610.9
	114  93576.8
	115  93576.8
	116  93509.2
	117  93411.5
	118  93236.3
	119  93236.3
	120  93236.3
	121  93155.8
	122  93155.8
	123  93155.8
	124  93155.8
	125  93155.8
	126  93155.8
	127  93155.8
	128  93028.6
	129  93028.6
	130  93028.6
	131  93028.6
	132  93028.6
	133  93028.6
	134  93028.6
	135  93028.6
	136  93028.6
	137  93028.6
	138  93028.6
	139  93028.6
	140  93028.6
	141  92961.8
	142  92961.8
	143  92961.8
	144  92961.8
	145  92961.8
	146  92923
	147  92923
	148  92923
	149  92923
	150  92923
	151  92923
	152  92923
	153  92923
	154  92923
	155  92923
	156  92923
	157  92923
	158  92923
	159  92923
	160  92923
	161  92923
	162  92923
	163  92923
	164  92923
	165  92923
	166  92923
	167  92923
	168  92923
	169  92923
	170  92923
	171  92923
	172  92923
	173  92923
	174  92923
	175  92923
	176  92923
	177  92923
	178  92923
	179  92923
	180  92923
	181  92923
	182  92923
	183  92923
	184  92923
	185  92923
	186  92923
	187  92923
	188  92923
	189  92923
	190  92923
	191  92923
	192  92923
	193  92923
	194  92923
	195  92923
	196  92923
	197  92923
	198  92923
	199  92923
	200  92923
	201  92923
	202  92923
	203  92923
	204  92923
	205  92923
	206  92923
	207  92923
	208  92923
	209  92923
	210  92923
	211  92923
	212  92923
	213  92923
	214  92923
	215  92923
	216  92923
	217  92923
	218  92923
	219  92923
	220  92923
	221  92923
	222  92923
	223  92923
	224  92923
	225  92923
	226  92923
	227  92923
	228  92923
	229  92923
	230  92923
	231  92923
	232  92923
	233  92923
	234  92923
	235  92923
	236  92923
	237  92923
	238  92923
	239  92923
	240  92923
	241  92923
	242  92923
	243  92923
	244  92923
	245  92923
	246  92923
	247  92923
	248  92923
	249  92923
	250  92923
	251  92923
	252  92923
	253  92923
	254  92923
	255  92923
	256  92923
	257  92923
	258  92923
	259  92923
	260  92923
	261  92923
	262  92923
	263  92923
	264  92923
	265  92923
	266  92923
	267  92923
	268  92923
	269  92923
	270  92923
	271  92923
	272  92923
	273  92923
	274  92923
	275  92923
	276  92923
	277  92923
	278  92923
	279  92923
	280  92923
	281  92923
	282  92923
	283  92923
	284  92923
	285  92923
	286  92923
	287  92923
	288  92923
	289  92923
	290  92923
	291  92923
	292  92923
	293  92923
	294  92923
	295  92923
	296  92923
	297  92923
	298  92923
\end{filecontents*}
